420.5,136.5,53.0,130.0
415.7436751673437,138.30122436371036,53.0604778214361,131.03233250183024
414.31755821450116,136.5884511527418,53.07936730653755,131.62453450318367
410.0693001832684,136.3193788637057,53.049247583978456,132.1626790812559
407.1185255093004,136.3826836229309,53.251947997275025,132.0360695628055
404.7485885309478,133.14807472464864,52.289389077205186,132.80285448259502
403.64304347609016,134.3183955807622,51.655418090023716,133.3072738672646
399.8165395416934,132.88857580851516,50.785554514671375,133.32595626371005
398.83575878897756,132.93910050654205,49.92150404027578,133.22490686765627
396.14550807572317,133.04141944372418,49.68476906836675,133.02026899329198
394.68586849578264,133.02946323510565,49.802627477384405,133.04418141052906
393.0811085254107,131.93844054677007,50.20826065116185,132.42234002023378
388.5644423828661,130.66733887845214,50.8347791063956,132.16227208025117
385.756568022935,130.50196554832763,50.830939889364544,132.49301874050022
383.13605498883544,131.653286709348,50.44301939563822,133.0048496994222
380.56743853164363,128.40883789573084,49.95055622116062,133.86405123779537
377.84401040603166,127.12621386584124,49.76081019207835,133.61099815742148
372.27095807650284,126.9693970138819,49.661892883272316,133.92463186134015
370.4947504204668,125.96745997110771,50.40034340159778,133.11454115314186
370.0603715234692,124.05270346264021,51.26910119559292,131.3127463092714
367.08746022876005,125.37861890432276,51.604168698518635,128.6609154259063
364.41164426438866,126.73836483065061,51.409356901196304,128.71464543628318
360.4339534293711,125.00099721447725,51.053183795979095,129.4188624102125
360.78429664815945,125.58137315882779,50.3524973584024,131.032396340531
358.06215834844767,123.74091501652464,50.22694049189326,131.92839589217095
353.42782979667345,125.28812866111133,51.10903429813415,131.6294897021001
351.76278767469023,125.28629625088453,51.6320575613706,131.6331545225537
348.78831848907464,125.12018580253891,51.94803323173967,131.96537541924494
343.257896111911,124.74394802924972,51.7012302261775,132.71785096582332
341.9330848289733,124.8656827649226,51.5175427699471,132.47438149447757
338.05139308819156,123.4396163834283,50.80136462939395,132.49999371676063
334.22264400094923,126.21627329619328,50.01673553248288,132.57476473882772
333.3970901694179,124.09221826272966,48.86683105264649,134.02186266285582
331.1154120779187,120.99916420507503,47.8281868102475,134.60597035276777
328.7131407107809,122.11014723044565,47.05164622123732,135.1745459636694
327.59446824442324,120.16857266544315,46.50443930521376,136.2731432449355
324.7018777995188,118.80506645815893,46.70912222459129,136.20990667428828
323.03703406537727,119.27268347680634,47.24572977318168,135.27467263699347
321.4990865779225,119.09332345237985,47.532114286438116,135.63339268584645
317.2784489500342,119.17457322873688,47.57388058020979,135.4708931331324
315.9678055698567,118.29119684089439,47.396891564360104,134.43937013261265
310.66662991295823,118.57151345518024,46.877907163636955,133.87873690404095
309.091216181538,121.64646466981272,47.26583334686783,133.254637033995
306.25219234294946,119.45007101090343,47.42180988632056,132.12535321408922
303.6549700192185,122.83343618046939,47.120799727793525,130.85407768094632
301.1823012127845,121.47554879520425,46.61793369514017,130.84575062871596
298.4472789393063,121.2290548613114,46.65823803580092,131.33873849650166
294.55866958655895,119.93785343997135,46.26752433504477,131.19849720376482
291.77721260272097,119.92288957078932,46.40333933555501,131.22842494212887
289.0893901713392,119.11485404129488,46.34609866973382,132.84449600111776
287.67658970560217,117.16418682456039,46.43322713380678,134.0073579671857
284.8812352475695,117.28111593095046,46.510640622869694,133.77349975440555
282.48420885769957,120.36900216695217,45.79525232601227,135.8618888972981
279.92809824565194,122.13873698616214,45.36458548419702,135.09386329183337
275.9852816569635,125.65007706251953,44.992305565706566,136.32909623498597
274.688797353619,124.678890600589,44.82187161746764,138.27146915884703
271.62806383541425,115.13967746613426,45.36756004652982,137.8346703020407
268.6975062357695,112.0340458690987,45.64529152189282,138.46254977218527
264.3612864594254,111.25293488482197,45.900597140087356,137.21906042924087
264.18664904300135,110.6193640733435,46.24987197293547,135.69350973122212
261.03588222224977,113.73266023480032,46.99671498878142,135.0216080339658
255.74982043817317,112.36130282692476,46.443356498246416,134.98295233504493
254.70400962270278,113.31985007066072,45.764233354712395,133.065857847573
252.10883639421863,116.78986475555381,45.49250426173588,131.58790402773175
250.99724596870394,117.0631951692511,45.01067170525454,131.04124320033716
248.67820435290955,117.64200000971304,44.27187219121383,132.57207489222802
247.52872628063886,112.76408020331515,43.874070469842565,134.23764090728562
246.46476859011648,114.89514164297094,43.288824051436364,135.4018416268761
244.00635814894986,115.33167256349161,42.76774663347646,134.52877978583476
242.87496736938493,115.71464609276057,42.33356404860342,133.76283272729682
240.20300038230468,128.02621490729217,42.32130444551372,133.24256619585978
239.03788751513807,136.52697577553536,41.98104273663936,134.93445656182655
196.73144529232016,91.28930310308574,43.25932590027436,136.6987747355636
193.54553714396224,89.81351271126563,44.157511978079256,136.91354040974838
195.8841832184441,93.72985957262028,44.993003168347144,137.35002169588648
192.80103544759936,97.61170515276855,45.60343212217378,137.92013041738429
191.1519635294448,114.93031801107492,46.10434675047099,139.64688440492614
218.8095752702255,109.25539187060892,47.408470365765076,142.50383462132982
218.39638722127546,99.95892965109704,48.23484646366521,143.72380040850732
213.65001187155448,94.1476950550724,48.94367773268541,146.56235017013483
213.14920608053498,91.25335920059493,49.945289314724384,149.36967970205433
206.37103146460032,82.52693363769423,51.34315390394593,151.624425024546
205.563814846994,81.7233777759906,52.95758713915858,153.23153674795327
202.3679690315268,82.98100062534496,53.05004738690863,153.86590674083675
200.97764716182246,84.13876852763596,52.670345157163595,154.71071690540845
199.5017382006867,101.11290603986859,52.45669727908775,155.5825656847644
198.30000410014546,81.83476782814316,51.68618113260554,156.05102993743918
198.72992581402832,80.1834467165679,50.826337704839816,156.18711370874436
199.02737411096933,76.82575561233375,50.231441110957824,156.5970387143272
196.20210594942608,70.77059142901123,49.58673380422228,156.11687982132815
196.0864513356056,70.86425663810327,49.8180430318632,155.92954940314408
195.95910658107724,69.35809432588468,50.07273254091998,155.811334937499
194.38959608850905,72.84442774417931,50.07820840530074,155.10575834242093
194.43227283267237,72.97965234779709,49.992854916974125,154.83530913518538
194.37501239227421,71.8825244606906,50.10737579777041,153.91135160730175
188.06979277505357,74.86054930333322,50.28906394094315,151.0624896948337
188.32855503646974,82.61432101516682,49.77153941811084,147.83495827406105
184.08075148958483,88.92076202231267,49.22336072922485,144.26586204242514
184.37772755701602,90.63091265583525,48.62940859436246,140.84556077538
181.77833760248464,90.9629196948758,48.03986595958254,140.1815466972989
180.55515495058594,92.72342027226965,47.61227903238042,139.5344977735107
179.48497430487117,93.30879763249632,46.895707271967524,138.36374305305736
178.5748371010595,94.56412744946344,45.888805890160576,135.85308341912312
177.53753640232114,94.8152865313703,45.19037964320404,135.3507652553094
177.61170606263974,95.0039947121511,45.04204032256681,134.9733488937478
174.9444048280305,97.06403960732445,44.886595293967275,133.59828285231015
174.98877387238971,97.64166957174035,44.79785720524885,132.44302292347834
173.72707507829986,96.66668714484074,44.61672072774208,131.68845371159105
172.36121128746927,96.84013218552246,44.65796993050067,131.3415636302276
172.16897827869437,95.64067842254126,45.04243594805048,131.05418172683997
172.23784143120417,96.75319940774436,44.90470964303086,131.51834444364633
170.966230771254,99.19704958457476,44.75462097786466,132.0172640601187
169.73740178210016,97.62350842348232,44.51459900465335,132.46666643078458
168.63112153690014,99.72165536234195,44.02746380541267,133.66976393234677
166.1666810547962,98.30707138979889,43.540544832360105,133.79103190880267
167.88171586085784,98.25370721975597,42.81116852247595,133.89776024888852
167.86597559022078,99.12689749494517,42.842649063750045,134.8401850427642
166.4408057513011,102.33085991730617,42.99022539197982,136.54055024687105
167.74054883546654,99.2900580152077,43.1203498240329,137.16293285029997
166.44025937477832,100.18472481870882,42.9800898331143,138.11443815559284
166.1124090811473,101.23535024629919,43.63579042037637,138.7649318311813
166.0805572155901,100.77982129866226,43.69949415149077,139.67598972645516
166.1081166290911,100.52269740912045,43.64437532448869,140.19023750553876
166.00765788723328,100.63401923391125,43.84529280820434,139.96759385595718
165.8865560324219,103.47419911776595,44.08749651782709,139.875216473717
164.40609494524108,101.49956418665646,44.251271356227235,141.02733899997443
164.02557905488453,101.68854496872433,45.012303136940346,140.6493774358387
162.46093204383715,101.57345436865164,45.31643159692305,140.87955863598407
163.97553188705928,100.03916530343758,45.121259356905654,141.11410931998535
161.00489138368815,103.59303111160534,45.39500295033618,142.5076838236174
163.91257197092267,103.51592226581194,45.2968237093557,142.66190151520422
162.15577097386577,103.6751949091078,45.95145341253018,142.3433562286125
162.0597770355384,103.48092929969499,46.14344128918495,142.7318874474381
161.90540648240284,101.8874409581427,46.45218239545599,143.04332541972022
160.19675336145008,102.01606022239194,46.983854253577874,142.78608689122174
160.1087339825391,100.87197842071441,47.15989301139982,142.18251936921945
161.6239110107797,102.07381239114727,47.01590973416933,142.66522220760442
161.3695658205196,100.79736661923218,47.524600114689505,142.3275140280847
162.8127168874953,99.25756049838424,47.53340673340695,142.51201751711176
162.39614073245508,98.80533816279136,48.36655904348735,140.5185663956083
163.5692025198153,97.87982966528507,48.90514612712823,139.48487273225962
164.56050893610836,97.28297610963696,49.80229790351305,134.91905062561398
164.46903754796293,95.92878605023533,49.985240679803894,131.96595220794134
165.9185377108854,95.57173730123341,49.87795494621001,129.8883351136941
167.64246835903256,95.93938728546814,49.190068319975225,129.15303514522464
169.44985051406277,95.19568933556249,48.312370940120694,127.90336411483008
172.65150640612768,94.25187887684794,47.315778657471924,127.0876252815187
173.0414255648677,96.67725551764697,46.53594033999188,127.58431179236916
176.34311384758527,94.59541355070971,45.26607146142511,126.41448803937533
176.90669472474227,94.20304196742885,44.1389097071111,127.19923120593704
179.96263931598617,96.57914974548058,43.2625723644427,127.68256748965297
180.1340120844101,93.60533499093673,42.91982682759484,128.41281384891246
181.5658954612063,92.38287027481658,42.668886358899115,128.24491699625605
183.09084136993573,93.02804696124183,42.224840015296984,129.5604090972623
184.6180276603916,92.56841373269887,41.78688315057743,130.4796755543482
185.94188117492226,93.74210059377452,41.76060445602665,130.7537301667075
185.98142039133185,92.75087840810997,41.6815260232075,130.1113385121988
187.4650856269065,91.78350887125943,41.32845560047279,129.43181753748527
188.92328201101412,92.84898228127966,41.010178790281934,129.8989866754692
189.2304686704991,91.37794498930944,40.39580547131196,130.24217617491524
190.5819038187815,90.5217917073271,40.28535142882062,129.3620664848065
190.6839005328149,89.27286544935522,40.08135800075382,129.28201958314853
190.75763219930673,88.30999862524692,39.93389466777019,128.63475600006166
192.06227135778354,88.95644033759476,39.88571447111515,127.34187257536598
191.9828813258855,87.77591704128074,40.04449453491124,127.16104243548303
193.33358232261457,87.97671599988472,39.88533255377451,126.75944451827505
193.13732561508934,86.94070735436759,40.277845968824984,126.29785343313829
194.3485542909561,86.53838886259607,40.38967716446917,127.10249041668136
195.5271099793945,85.1616896118865,40.58033487783962,127.30811982785318
191.84053867054087,85.93749782261376,40.29088353914264,128.31070139186673
194.56157700144118,83.82059486939767,39.9749904415735,127.41832373406743
195.8769435324816,85.84810127209579,39.888865296080375,128.45252676184663
195.77832932687562,86.04689252991803,40.08609370729231,130.61262740342252
196.82778862111786,83.1940375149214,40.57911596920492,131.13445573262157
193.87825041830817,82.83940297486217,41.26129158199189,131.84372481274005
195.86409436114874,83.74956466579138,42.55180811660097,132.65450364102674
196.96227418289243,82.04140445560651,43.021829147325846,133.40444338718424
196.75220132018066,80.44336615486787,43.441974872749356,133.9148468281333
195.2954843187221,80.96658270253977,43.65476577840479,132.86841373278952
196.53388541262922,81.21361856122398,43.86763628075411,132.3743420154211
195.47306729222026,83.58343158278801,43.30272685805825,133.00780729932066
196.81991713067427,81.4353009570246,43.2942237540354,134.61887197796233
196.71251583038733,81.44712762241221,43.50902635460924,134.5952186471871
197.8939618947686,81.1809529464953,43.85767584054138,135.12756799902093
196.47174586731364,79.78348522336886,43.97659861816982,135.1969941679923
197.5092079063851,79.90726210852193,44.630353830758665,134.94944039768615
197.3892540124048,78.441625786787,44.87026161871927,135.14356571518874
197.35656391968132,79.96608791232372,44.9356418041662,134.83894372687044
197.2893981114964,77.02528310741775,45.06997342053601,135.2382249275915
198.44889299421223,78.21418289904774,45.500288145426296,135.6097298346534
196.89004708155161,84.16461362017472,45.855517097420986,134.75871988570537
197.17794825062757,82.39534098373831,45.2797147592691,135.54043481951462
198.49365271970356,80.84269127748966,45.4057486812865,135.88829137184254
198.20543769168128,79.58990763357234,45.982178737331004,135.62915924456237
196.79501408498504,79.9255358713055,46.031482788772486,134.95790276909605
199.3886332912368,78.8186245045861,46.370002266807674,134.40884655726552
198.0219600330063,79.08228895731848,46.34212634611773,133.88151765180075
199.32222277059108,80.50989516724627,46.494795289900274,133.77949965089726
200.88709117463884,79.09668728197404,46.119576310727,133.85139759251948
202.31804820208356,76.59634343380291,46.00637427731321,133.35466124591036
202.71006730848046,75.19382896649037,45.222336064519446,133.42012330351594
204.04133893125916,80.9673698054967,45.28599567279957,132.77785304085342
205.4623245953176,76.77292210857163,45.16223804251064,133.0121073412197
205.6434837450343,69.90995753629248,44.799919743077254,133.1415702523993
206.98953047384543,74.99416140230252,44.82234622969075,131.11672235308663
209.84428566329007,66.69185629215842,44.48500400978496,131.60482809642437
210.09694032680488,79.02567733895307,43.979694682755344,131.11912398469798
213.0780837667608,73.95058759222914,43.35887231328864,130.58637445725554
215.5766433049813,78.87355564284566,43.665337640888,128.695814962083
217.29874209769326,84.04584440229638,42.851618633229464,128.87315175424328
220.16899399214032,88.74247106283967,42.347373985700635,129.95241671588727
220.36338842404896,84.41661485028558,41.958585121883324,130.73142038362766
221.52150601127636,80.87998814519496,42.270511173352055,129.9201901160383
223.06259711818817,83.66247772179305,41.8106963966873,129.59994583715977
222.98058759969229,80.48525573194866,41.97471543367909,128.1262742820192
225.45643962132155,86.8514025419339,42.20589158026873,125.759741041745
226.87764780936774,84.8772194173248,41.92547918908021,124.5840993211554
225.72120692560037,73.8036673211883,41.69822115432634,123.86994529283129
226.99705548562793,78.57547587549068,41.67234185031199,121.90378163234877
228.52059841384727,82.19722086614757,41.122591777623555,119.6549632185355
228.5460159548692,73.26762107519376,41.071756695579666,117.87209514347128
230.17250478507833,76.26466625013154,40.2476838108425,116.73581434495794
231.60355709920933,77.12141398601976,39.7832763316891,115.02231887318149
232.96289719604067,79.84878270496793,39.42940016336707,114.29718948596651
234.15204502350764,82.56683484651509,39.39912321886062,113.5571226237272
234.1935344041423,86.37661406053977,39.31614445759128,112.94830143806081
236.51799116660493,83.11777756125191,39.3206650253143,112.48582329766421
237.75734092525528,79.02774982374056,39.162165524656544,111.3850787061152
237.84902398594235,83.09425869281607,38.9787994032824,110.15688444680481
239.1580994872462,80.21955791739386,38.641389228018305,109.0640635156183
239.28323695089315,92.80607926341074,38.39111430072438,108.74011993518128
240.61821862931285,80.55211791229712,37.970990499167264,108.49980752930334
240.60385739245461,77.3307960883784,37.99971297288374,108.22612260393328
241.6550730841715,77.11939003695562,38.13267335325945,108.64893470677885
241.72607987705706,69.93302683785058,37.99065976748835,109.55860120229882
241.85180265681814,75.95463123198773,37.7392142079662,108.78659747671279
245.35311169839468,78.56885749816118,37.452553257197565,108.03544969928885
245.29324706476768,69.74554598359124,37.572282524451566,107.90031037297337
246.62095290840625,66.0707042553117,37.139841867269276,108.58108073924794
247.71412165295249,65.87437384707941,37.178307472460325,108.97374155571251
248.9601086723265,64.52417641663962,36.91743411308813,109.44303573721632
249.87782201030979,56.521022840460084,37.31503145915643,109.81817473533091
250.89328045123102,61.11398611214631,37.52974211935158,109.614758360109
252.02503017503452,61.81317465618984,37.512888086358814,110.46302668663621
253.05510716972697,58.23658362376537,37.71115998412267,110.8409310900388
254.2017832981394,60.452732191269305,37.685236236292454,110.94349097302006
254.2358187796836,58.224361041585404,37.617165273204044,110.86339998239755
255.39064301943992,58.27002573449836,37.573549936036834,110.77207059657164
256.57677406167625,57.09802904007328,37.46522374616966,110.85212809081635
257.6743787411605,55.783701167027445,37.533112671474974,111.21768555263404
258.79277280364204,62.42013527911121,37.565869189253476,111.56208518491528
259.89111555321557,56.171041799353915,37.64423126614158,112.68503426425414
258.66824285437826,55.84117150885352,37.79750961230103,113.34477484525493
261.041547348076,54.660536100853086,37.660222503345025,113.40138472203607
262.29126175483356,54.73353223075508,37.46374762264205,113.25539246223208
261.10769205769617,56.15884236451634,37.53360782598585,112.70205138564044
263.1459017529912,54.19245379970833,38.038558985055936,112.05345796559632
265.4022087297309,54.1408507460302,38.10730287771156,112.15666407295258
266.5709466890993,54.01698369108658,38.063230946810684,112.40439818283983
266.54246420519667,54.93435936022877,38.12019591461598,112.86577545952957
265.2375407391785,55.058932737116066,38.42630239419851,112.61662870575498
268.60506925200997,52.75999115000066,38.608580404558914,112.60295518930357
268.50354467929725,52.681587307640285,38.811629549984346,112.75976287402432
268.50328445609375,51.51054140792492,38.81214999639137,112.78701159990524
270.96619639390605,51.23062319054092,38.51680825074418,113.34684803467324
270.90532933283686,51.1277517135014,38.6385423728825,113.55259098875229
270.86887477522197,49.90655317144899,38.71145148811226,113.67200062805526
273.1303159240129,49.795712291874864,38.84060758417537,113.89368238720351
274.0339787698449,46.31471570345646,39.36481623889918,113.86107252487699
275.06653931038005,51.05015537838324,39.640318352937925,113.75268595545958
277.05089440599403,46.50137798798912,40.35978978648029,113.47387748670711
277.010923934818,48.91341085882347,40.43973072883236,113.35616882811226
278.10892860115047,45.79526391572166,40.596667924418924,112.53362312956139
279.6568823626229,45.137934840786265,39.844793111137356,113.84828127943219
281.1257941642082,44.66103720059158,39.25614259348373,114.80207655982156
283.5173267913999,44.74242778281376,39.17719521693826,114.63929539537719
282.4545468724715,37.65181620518223,38.954455791797386,114.73072297265438
285.10696839169805,41.08086461874204,38.34068923206993,114.90924086362327
287.66404837849467,39.5013068587033,37.900257978105174,115.73149202388652
286.4721318271625,40.55121469330629,37.9435982443795,115.9721691910706
287.76433069436405,40.74118167499063,37.703909947390315,115.59223522770193
287.617481583961,40.18182557331457,37.99760816819643,114.37603632708755
287.6906213804152,40.431258612940894,37.85132857528803,113.8771702478349
288.934891048811,41.87259319630331,37.67601131878553,113.30772316139914
288.962294503149,45.76450774250806,37.62120441010949,112.42962480590481
290.403422439704,44.39429824062573,37.02735895097684,112.88163339569212
290.5400982063243,44.36371738140711,36.754007417736304,112.94279511412935
289.52617774310266,41.17266457632931,36.50202774666018,112.48543893172695
290.1113290470986,38.25367137863601,37.60042000273431,111.51734073491558
291.00628365371176,39.05723823972749,38.08555247874672,112.18524870197142
292.32583730612595,37.2113111474723,37.73985941587578,113.58368864452433
292.1809622755754,36.00906835709334,38.029609476976916,113.68116852464681
291.9736392316874,39.84191857013505,38.444255564752865,112.95655183663877
291.92698139606796,37.27889143447214,38.537571235991734,113.46070680567453
293.12645692090797,36.983562063646374,38.45845583027978,114.05136554732607
293.0735646169534,37.86414469106313,38.56424043818906,114.61700451394984
292.968128389766,37.7726676069948,38.775112892563776,114.7999586820865
292.5622652201967,39.07137757972202,39.58683923170234,114.54578858325901
293.30842662771033,36.82108927415426,40.448947506899394,114.33750301394608
294.1259029941995,37.95440674064403,41.18112693688632,114.43800024393195
291.886887560612,36.70447052832353,40.89547116498902,114.55602934903676
295.46436785109853,36.078507422741374,40.8755732482757,115.80795556020108
296.9294275477135,35.0561633412011,40.34133002777266,117.85264372328163
297.8569497378496,30.555912795542213,40.90161131936561,117.19184212713833
299.20244392618815,32.81816006989405,40.62672667454575,117.49955504214898
299.17199334933883,31.42103172359902,40.68762782824433,117.87832021091002
300.2622903562321,28.2184101684065,40.92903596070186,119.43955902880701
301.4179886465735,24.89554929252094,41.06629930856563,121.18796092348492
301.5937480895432,27.03776705776447,40.71478042262618,121.85568161506728
303.87862227204363,24.914704855267203,41.1033560976815,123.62264400003374
303.80809323782853,26.32625262673612,41.24441416611168,123.31096682984261
303.4116039897626,24.023590444103917,42.037392662243576,122.89716417118314
302.02228022718043,28.775568507929165,42.297889454956646,123.46581097333754
303.337360027037,23.314636141574425,42.1987352574807,124.26365409709848
304.73659034120647,26.131543406956524,41.94084087826143,123.71097206457358
304.8491306143662,24.741391364694678,41.715760331941944,123.96329107239993
305.0046586826685,23.319605726357565,41.4047041953373,124.279394840441
306.12316687768026,24.416726175794736,41.69396692716082,124.61143306341361
307.53524540346905,25.566045117522116,41.406106472230874,124.84909177660656
307.5435396188527,21.968075841724115,41.3895180414636,124.4417970248922
308.6927790768736,22.423359210676352,41.61935136365951,123.53123028698772
309.03896260943236,22.582808022385194,40.926984298541896,123.21233266357004
308.95336973523683,21.455392096413505,41.098170046933,122.96481292839897
308.7105808389426,22.890548882747055,41.5837478395215,122.59646091880884
308.76958019316135,21.68782019257643,41.46574913108399,122.49632898506586
310.25496697227453,20.184412734908932,40.99698415737198,123.00113531588642
310.10963576552416,23.142924244982837,41.28764657087276,122.08536706930744
310.33661707362677,21.130147392316324,40.83368395466751,121.1251155233761
312.71071202009676,19.888129076199675,41.02736327112735,121.13821755090953
312.5823947990434,21.7018520090119,41.28399771323399,119.98543032056148
312.8351471329433,16.72389879067913,40.778493045434274,120.08969257448783
313.95209865005495,22.263923346716652,40.99976855475726,118.83035763659771
312.9035975911561,19.966485879759084,40.65550734107275,118.54270590754847
314.8684904399749,21.537618805323135,41.58750060928686,117.83132953934623
314.85242324738323,21.670411783443825,41.61963499447013,117.56574358310485
314.781048637758,20.391481484872436,41.762384213720665,117.68911783509013
316.205629659799,20.74180699226109,41.35206120467234,119.42730585534659
317.43781077264316,14.854628034333246,41.34389057508855,118.92070579067948
318.8284869899276,18.38838847647365,41.01135452067555,119.19963404686632
319.1831640058223,15.803616393174082,42.74874032556218,117.02895870343772
318.95697846023694,19.465225964254728,43.201111416732836,114.60026477890665
325.6474167689936,11.268273858281113,44.34402983425139,114.04974144998344
325.7941991301995,9.799947629301514,46.48372021908435,112.11988369345295
326.8547861010229,10.166309819322805,49.249825668126675,108.94351961806578
324.42673203510384,15.114679354507416,49.2129517134159,108.83274472079441
326.7846202597001,11.427262562938651,49.38564552886065,108.8748729069761
326.67313695635755,11.812527528037528,49.60861213554573,108.10434297677834
325.26856684261156,14.90501856273945,49.977166228435124,106.80053317657952
326.7221784485152,12.58471559835644,49.498002645761,106.58501984707937
329.1372952986642,11.07368311124955,49.5008680879119,107.19053525006865
331.366507303608,9.853739505669822,49.89326433288575,107.20501233379737
326.827015141931,11.791646865893853,49.242318116436195,108.1941628832511
329.00349503572323,9.96439051834222,49.760305226228624,106.97772868097744
329.2953756325234,10.215691440016244,49.17654403262826,108.90197732643847
328.5172424231931,9.283874793300491,48.28820881801632,110.76561061986997
326.9606259880875,14.517326913074399,48.945442339138054,110.12270377668057
324.6439278831856,11.335867197093982,51.1205808815337,106.6525925390087
324.357197677867,15.964828651362552,51.69404129217077,104.7321844820444
321.90046152587723,15.124017564038525,51.75201950391419,103.98605961057436
322.1164550668041,14.399890692373312,51.32003242206038,105.43431335390478
323.55201219353285,11.728554641762443,50.88043850983155,108.34546511389803
321.79372548765775,16.176377903156855,51.93068058344255,106.84881260552693
322.8135975474447,12.194781446026496,52.353725546219096,107.42363827273624
320.317681486162,16.489326824489616,52.38849036495411,108.74868212347086
321.46330319893417,12.563129516216335,52.5957340781035,109.10561532393598
321.24404150367775,13.751339492161378,53.03425746861636,109.23649686685519
320.1418857662067,12.60975258171458,52.72173370552332,111.51967068774879
319.572433353166,14.15574890236067,51.31593305471797,113.51708900023021
319.95025596090994,13.650129972122514,50.560287839230085,114.52832686070653
320.28511465406893,13.322757934799839,49.89057045291216,115.18307093535188
321.22644350824726,10.996819731375027,50.55615297749982,114.73846687631288
320.0452178767976,-12.252184568651991,52.91860424039908,112.71929426898004
318.71870827683364,11.674003341768795,53.00600458771532,113.61367664776003
318.56359549812123,-25.29169902670879,55.896399644877384,110.13999639259535
319.5139475405774,9.229737141058024,56.57532180008956,110.74703254042382
318.7618825386519,12.202442150568537,55.47920778762871,110.00211055402654
320.1254285064295,14.545624188621844,55.32251493608162,110.45654464593594
320.7329532037232,10.203299324494054,54.10746554149421,111.41815667357235
321.31667512827397,13.213662492909648,52.940021692392605,113.09946435692106
321.7025773721754,9.602998343471057,52.16821720458971,112.60620360947044
