261.5,131.5,53.0,155.0
264.0960702129692,131.20414440065562,53.15906234798983,154.59171119868876
265.5637833938693,131.20957005652372,53.39631675198073,154.5808598869526
267.08250195940155,130.22256467720638,53.53572748376557,153.37802278273796
268.54044981465927,128.82305203068606,53.78205763613348,153.0148222128953
269.9118558309805,130.91355820669685,54.20076496815389,155.15684859019944
271.24449052270757,130.56870251845223,54.73519865425846,155.8465599666887
271.14615470041906,130.0861383665516,54.93187029883548,156.81168827048992
272.64424203702356,129.67508754695424,55.17230729491949,157.63378990968465
272.35842060014136,129.58644983591958,55.74395016868387,157.81106533175398
273.91271914221426,131.07815829965165,55.90098454704221,158.093279866794
275.54303895574384,128.37657011105384,55.91285743867084,156.95143120661396
276.77907170703975,130.61666408519565,56.69720943890978,155.7276607611612
276.5910982607107,131.2099611073453,57.07315633156797,154.5410667168619
277.94531468182964,133.70703534964724,57.607655052455144,152.78984979538308
279.3458761514575,134.13862773797274,58.03400261073014,151.92666501873205
279.0416803091588,132.41682977209913,58.64239429532754,152.14750704909574
281.83617077183015,133.34160048991032,59.52710568199302,153.53481176947744
284.6486497388757,131.7527947943011,60.4474220737522,153.43978599777074
287.6954364835266,135.9358511981655,60.92935180255894,154.93692801720468
287.8238271054028,136.53968515165707,60.67257055880647,157.0471612380882
289.6144931354341,134.29169107841133,60.43486365307653,158.1995242302471
285.98255936731965,133.78596002587904,60.98692730804578,159.21098633531167
288.78100865931,131.27228772426784,62.15069585870063,157.47766380389862
288.93844864143836,129.5276831763962,61.835815894443854,157.59058864810402
288.82740993308295,131.72780471524317,62.05789331115466,156.56262033082837
288.91523867135965,133.13473530160263,61.882235834601225,157.11022224649335
289.02357328340696,138.7693125707626,61.665566610506644,159.30586182660613
287.3314088901137,136.28068206511256,61.656022322084375,160.88924976289746
285.2627261751582,136.06070302217861,62.37695077656075,161.32920784876535
286.51003507349793,136.93260866906968,63.31802359745892,163.02108717256084
284.41040255365954,138.2063142722901,64.04042364088623,163.95054096236947
284.4769985990268,139.22380148537354,63.907231550151735,165.41872922353508
282.73725568306793,136.71733561404352,63.86484872071534,166.90979230484098
284.6973572372394,139.41853005845437,63.48716065388904,168.59243349905256
284.86833999553056,137.21750862168412,63.14519513730673,169.4346144883079
287.00234276315456,95.50640984193235,62.44296291704502,170.84402580312403
285.3526870428639,93.65525878893048,62.16899355869233,170.97304711019373
289.09705162999984,91.80549946920452,61.82061224248734,171.10239182061227
285.7843651160605,129.08699631160596,61.31454357125067,171.4195359765204
291.4781532480946,99.87516559602808,60.61023235234135,172.86578383349544
295.2324622336425,134.93911308991431,60.23953698105753,174.11711484384324
296.4587515313668,138.0135806575484,61.36703062609467,175.12832418954648
297.4008548595328,138.24500416974664,63.09783407550522,174.66547716514998
295.4302273495084,98.94494631335516,67.03908909555406,173.19019627514962
295.75375598007594,125.58224872088846,70.08168152333555,171.57068710491438
293.37933140779614,123.92686152055325,71.10983158884513,171.16076242653492
291.4657417988294,96.15294363521926,74.93701080677869,170.712639322452
292.6022355573533,128.50599896221388,76.4583025020393,170.50927527770662
294.0377342724068,134.07147313294888,77.40540184985882,170.83261727001616
291.4126933066212,135.92203682169924,78.81606483787746,170.970908836068
289.50394409106644,133.85458865618034,78.76741661667816,171.23965851479707
282.89095485326516,133.94314675324716,80.38578366827748,171.06254232066343
285.0662869493799,127.87336401455016,79.93003436053479,171.5173631445969
282.33093595419496,129.05287685791012,77.61357862672867,173.051916319965
280.4975430752163,122.6025364248296,77.4050662395527,174.32670275072633
282.70680635591964,92.20383028504187,76.87666789636873,176.77219175696086
277.1079168674375,91.58504167788723,76.32566931438444,178.00976897127015
279.18284019083234,90.82283408203584,76.10026248551534,179.53418416297293
285.14298360459503,129.79245750671424,76.0074595841804,180.4448301548858
291.1954252185893,168.24562889854496,75.76460661094168,182.61868906955684
283.32300180332686,133.712391478132,75.5850890001619,184.00661503483815
287.32147731484326,87.28223312787864,75.58398574182687,184.91468244132142
293.2586978461442,87.07583536253172,75.7425381789711,185.32747797201526
300.71232938167253,87.24160051933124,76.91435781005386,184.9959476584162
296.3361571960837,89.14797739514403,77.59506553849104,185.21901222816084
297.95776270847966,119.62161884163444,78.40297282231381,185.0385039643993
297.9321871081024,126.68423950901828,78.45412402306827,187.16457526561624
302.08114383755,132.28076744668198,78.34511443177908,188.25487519169766
304.718158252512,125.6106842428623,77.17934577154237,189.27026109027497
307.08545920968504,129.46091192108446,76.5469262001202,189.77417041967857
308.02460640039266,152.1905658456874,74.66863181870501,189.3947978841686
313.3791629566755,121.67487121963796,72.0778677780698,189.53856909678802
320.61820871952995,124.12564085705682,69.64413959061497,188.6518176013683
326.0182418448898,123.54895660710186,66.760563169978,189.80518610127822
338.8314342875692,123.00238416085853,64.6693234217404,190.8983309937649
341.48986908300407,119.04668328728621,63.252481266474106,191.0096778697026
343.9930178865897,122.09313028377957,62.12188811960128,192.66819279731294
366.3673365509879,116.72642964866822,63.91571993421125,195.64451587696794
371.0626248075463,115.75172503956917,66.38645969273779,197.59392509516604
364.32548726247745,118.75795193290614,67.78048413790366,199.63497173847333
365.3857795936354,123.29748366613185,69.74118116228918,202.79975333212622
365.00506698451073,120.33932283818163,70.50260638053855,204.55393208036946
368.590695059886,69.39577227956065,71.73340306106995,205.61639922222804
368.5744636931926,100.4229658595057,71.76586579445662,207.14076370010247
368.5575441291042,93.8702507248333,71.79970492263348,207.46342983737904
366.2012000371747,108.5202797924232,72.24625349977073,208.02634894925103
363.6342171181804,106.13445785174878,73.09792233663975,208.51569582948025
360.7540834726208,122.70968768256935,74.55342160416993,209.80338035655126
358.20562492756693,107.32674050235744,75.30075483162898,210.12218767843513
357.80157041251545,122.401012687965,76.1088638617319,210.54746607118136
363.5698484563755,115.40199398686269,77.7375185015412,211.38029274585665
347.8410589846999,121.50752629757235,78.1867613923238,212.45851500410964
345.60849623455607,125.68728694408085,78.19857717435391,213.00561314760762
338.9759765565134,116.90315364008691,78.07955165318438,212.72845991925573
339.10509436596686,118.78862949054044,77.82131603427742,213.41274621770987
336.8995812112049,116.1992836441801,77.77197769980712,214.13107326643643
336.7170499913101,109.30388271064459,78.13704013959678,214.5126277776739
336.5919636852795,104.38582402987234,78.38721275165801,215.38512647397772
334.3469063955089,104.0057857452074,78.37851189054888,216.1452030433076
334.2927446107995,101.54213253786436,78.48683545996762,216.56297867251547
334.2525772844358,105.5314201697047,78.56717011269501,217.61933537584943
331.9388434334913,103.03794868545239,78.66061107867736,218.07225160844723
336.34680823563673,123.29699072842335,78.92907047687778,218.4339180337162
327.34292691438014,104.99211566456907,78.72793009646739,218.62586211557772
334.2076943607741,68.72302033182588,78.65238151072417,218.34279247682602
334.41833023912375,130.03887218006957,78.2311097540248,218.4507573803813
330.04785128198176,116.28972396555467,77.89241625273935,218.71009956270277
330.3910515047553,61.78497000577657,77.20601580719234,218.82221119669887
330.6181964069396,104.62221614371559,76.75172600282373,219.15191570586094
328.56587088898107,106.81994238689272,76.33338689847514,219.27945335977225
329.12924671773027,106.86868050585035,75.20663524097681,219.181977121857
329.441981999228,106.93613456791319,74.58116467798125,219.04706899773132
329.6764477741939,104.67874197072051,74.11223312804951,219.0798875083906
329.96158990816843,102.50373105032669,73.54194886010038,218.95603483125782
330.0917978129743,102.58084959177754,73.28153305048873,218.80179774835614
330.2736138101008,100.41633518503917,72.91790105623564,218.67609186304793
332.6816999869827,109.3882397552452,72.54802285498718,218.51745933269717
332.9764411126637,138.32216716890002,71.95854060362521,218.33407948093
338.154179627081,67.90757898621084,70.45078675079016,217.59968503031502
340.5855448181844,65.82059347771225,69.9738159837578,217.38789643213775
340.7287048072929,63.821017394309266,69.6874960055409,217.0130622355057
340.8840721244046,64.02017893030443,69.37676137131744,216.6147391635154
341.12854972363823,66.25390930842968,68.88780617285026,216.4993056162329
341.4011333194574,66.53294358484081,68.34263898121185,215.94123706341065
341.5012882287044,90.45457448596272,68.14232916271789,215.65569871970865
345.8420740785306,101.33882196560768,68.09213110258658,215.46563785922132
348.01690088836716,103.75839263862348,68.05454245519388,214.93856148547022
363.09796600085815,117.06809451239421,68.01966435602853,214.1425167029145
365.1544786019413,124.07521941271153,68.1985924270509,213.00412672184603
369.4781076793467,115.80741040532713,68.10950537255067,212.42340253599392
369.45198527775057,107.51751346320269,68.16175017574285,211.92639387385688
375.54666732537,121.09436303084583,68.76169494668721,210.35131247093713
373.1141857711647,117.31571707381315,69.37491802151467,209.40512431783617
373.07625276275814,113.66569611266178,69.45078403832778,208.20611851543447
373.1110287374524,120.46809813464455,69.38123208893934,207.302869270264
377.2051693106496,131.82655732923422,69.63239712776382,205.68456634413184
368.83227506792036,66.7702903988138,69.57310919732274,205.55775798175117
370.6366312637661,65.35039657752235,70.16277704705881,204.1991653829065
373.3336048433393,62.57355800743599,68.95860652997244,205.5630658810192
377.21287941778996,61.80907220045452,69.57451370225164,207.09203749498215
385.4143406857207,119.79567123603343,70.05261279336344,205.06573540589432
391.3900506550297,131.04078215387682,70.70155419483322,203.5761158036873
408.15665082987454,121.5567847464143,70.69397481805461,201.59059751054295
405.99676687965166,107.63214418041868,70.85151067882087,200.30425436477813
393.37422075633935,72.5375648091071,71.21623794994284,199.9990456768104
424.0751157641904,126.12657361741432,72.04923059674663,196.545665831039
422.1554995369451,128.97326938129473,71.77378304505964,194.96695430945573
425.3247305010346,130.38387707051217,69.52242777641341,192.14573893102084
431.4834101801524,125.11302159214776,69.2232000196757,190.66931828625178
429.9428897248328,119.58297506583395,68.32472766850091,189.79087155343763
429.8674784712992,127.49316655283364,68.47555017556815,189.7732478505856
433.68427311644734,129.59565397184795,68.74829825262765,189.52144169623483
434.8991405714686,123.9528136249664,70.2730668471192,188.94361187639535
432.4294204220624,116.37108244704882,71.23873823609732,188.21199859289294
464.0332018660597,128.67779059600906,71.72191499824734,187.48260966377674
475.63523072213775,129.7090031465376,72.39120111519043,185.42018456271958
475.5662052101035,124.11354620193428,72.52925213925892,184.72727655141003
477.435538103417,126.98245531166332,72.74437178129892,182.94324376061908
475.1628650130463,127.6942730957465,73.35774609962841,181.51960819245272
473.02259770754506,130.36943858560159,73.71585990320415,180.09169802016933
468.8501989066477,126.9305710818291,74.24421782027598,179.1529933429914
468.98595789314624,125.29419886788648,73.97269984727882,178.52166501625436
471.2923338577159,123.62984675306664,73.25008729744754,177.96022986658605
467.5022032161245,121.7131880375224,73.09195306435636,177.92434953953756
477.53736613005265,161.981246339643,72.35096893572604,178.57146807204523
469.7749237990905,125.1980120772432,72.42782988726371,178.7598239725081
480.61907433649594,163.4081816806609,70.0699751454933,179.66127009783494
469.1495481127821,105.69154024927003,69.98740511943467,179.98644059318522
467.3101693808735,111.38512524884138,69.82603241784234,180.1196610902711
473.4599726898746,122.45695028751808,69.04388089529613,181.01092120382953
471.9007442678178,124.36733639080052,68.32442745631877,181.0280592803556
472.262965170228,124.59067989572388,67.59998565149839,180.58137227050887
469.0403456109658,130.3956088401323,66.4336755481579,180.3888382144892
471.1936321756824,127.02917942453888,65.90908680805575,179.55772826701377
467.85187247695796,140.39274510913458,65.07137842119624,179.15489414290172
470.219435695116,131.38941732911604,64.07596053881497,178.4630069332649
429.173943204544,101.42972660140086,64.50742516983343,178.9936463158768
427.5549015750558,98.74553132935554,64.01831171889089,180.63484015004843
425.68036605626565,96.4087370458862,64.02559907209074,181.56664503260663
427.6578565311763,107.39055715165216,63.825841025062836,182.13434223783514
429.34606642247047,103.51339873891433,64.20911943440002,182.36926267945978
430.90885774140855,101.62293819194116,64.85355250663062,182.38016806329927
432.64848756552834,99.62897350603404,65.15616176066975,182.58622853283475
432.51866152612655,99.43737029782655,65.41581383947337,182.96943494924975
432.46013653917515,122.12721144394399,65.53286381337614,183.195558771349
432.48603851438395,131.5517636675222,65.48105986295859,183.37563898624657
434.44814452228275,100.8879114656202,65.36431914059303,183.78380269513738
436.4585207265924,96.78540408219808,65.15475281209739,184.36644530173442
434.5854592772292,131.00029462398035,65.08517053002045,184.61935747262925
432.75458292658175,123.11251105588221,64.92887004623147,185.12271186849017
434.6828083425792,107.78198674442977,64.89481889804941,185.2045630208922
434.7285695384247,105.76942435648635,64.80329650635836,185.40673866079112
436.58660193857645,104.00063173267998,64.91140256438054,185.12015305007833
434.5723826541263,102.23759479377985,65.11779541793146,184.82418121252917
428.462896989276,100.82357343650193,65.8720561528168,183.83065372881327
434.1453483097202,100.83588292512304,65.97033559851381,183.80603475157105
424.44286071274763,104.45924191816015,66.26286332679284,184.20429575176328
389.93108653958154,96.63682762899491,66.28374566604695,184.51519855074307
386.1410459767921,86.98564491529005,66.18721844955044,184.62604312296426
390.05417287295063,108.22937949815314,66.03724425132127,184.35811172472123
394.0757457921089,123.58423832164675,65.65728389975125,184.3011360247201
390.8135293258931,133.00795846111725,64.53393566440266,184.57314866522975
389.1055456799459,127.18022056325886,64.14252569703669,184.80649268316571
387.28626940384777,125.01643266070015,63.97749126014337,185.3304814991935
379.77701050358854,126.98809193932583,63.76378511194919,185.19521892912027
381.92164745527236,127.2296778034124,63.27674573481711,184.71204720094713
380.3277596781197,125.42118784778015,62.67805101512184,184.542556838211
374.66605045242693,124.74919121476348,62.68206743162517,182.11341609261697
374.6726916909911,129.26572672064597,62.668784954496935,180.55751753261427
401.39268551829304,124.5413378808694,61.25496620711045,182.57398536827918
402.0013186808182,160.76541703512106,60.03769988206014,184.50788694347563
398.6199754846711,85.54566855177688,59.351761338452135,185.97488519212004
394.9621237574251,83.47681331924694,59.2023789526916,186.38005273705366
391.34155990875104,79.44173283358195,58.97241806221941,186.97912512056334
389.57431138634973,77.09876117169624,58.7671063431371,187.9252596804499
393.47643546228386,76.00816151488388,58.461743804946664,190.10645899407461
389.7285804357916,77.4444315923406,58.408013208315396,191.008639163969
387.8481147255743,76.98975286083396,58.382437458517416,191.9179966269823
385.92790711243003,74.7317838984011,58.42394009699308,192.63502196403508
385.9091642334328,74.28860753874437,58.46142585498754,193.52137468334854
385.8967635210148,73.90649299671661,58.48622727982348,194.28560376740407
383.9797950230073,79.18729244997256,58.48581026641696,195.22706688915704
387.8887780360778,76.85947395128834,58.36318271272706,196.0350346503
384.0374617584015,126.98265566797414,58.35216848151672,196.06607944224527
386.0111370945287,163.13353977732547,58.26187577671861,197.0484126052125
382.12048204768075,126.38013597157475,58.30463987769582,197.03903328588692
382.11567172029066,79.83760801062165,58.31426053247607,197.2456438024262
380.1490411218556,77.88266925748972,58.37448611972866,197.2824856990725
376.27833421474895,75.89242487601679,58.36654794655189,197.38829846832337
372.3822434144851,73.86205631382487,58.406680164095704,197.5730109012153
370.41960658754226,114.46274420828713,58.45257128175955,197.8386683729502
368.4471849884502,81.14066440669167,58.51342250765365,198.45496444721098
364.512168006757,79.05051066161732,58.59578225758022,198.74143483062977
362.53559907125685,76.82636913292362,58.64950138919978,199.2902991486364
360.5591583273952,76.52564066960329,58.69420553524345,199.89175607527704
358.59373456385407,74.26550344700132,58.707541889789596,200.49451934794484
354.6851830239111,72.09954360732745,58.67208700703688,200.9001600459733
352.69131954727493,125.00291265964604,58.72846226743492,201.2399176489446
348.8199915028338,75.30754589977509,58.59671333742866,202.2005884325806
344.8833153772912,73.07977894294028,58.57342317709271,202.70780114053966
342.9143339228586,70.9307831296623,58.55633456906752,203.05074125020525
254.9683452054866,121.13957278495451,60.22695143924916,201.62257135130398
256.4094270265411,90.60588449394271,61.31525950816524,199.16240055692606
244.25931365303975,91.29877030408794,61.880671424369396,197.7766289366356
245.90638711685614,123.34341076590013,62.533126533063296,196.83298059423856
247.47091093748148,125.4350514260188,63.349319569735194,196.5949399519238
247.3078134987525,123.0429518360207,63.67551444719318,197.42226267688278
249.1412957457024,122.59605050087481,63.98317343943185,198.31606534717457
249.14319041472226,162.07455269057667,63.97938410139213,199.21854398829367
242.76708302429208,127.48958302132613,64.71443014620156,200.29119382250605
244.15925412166692,123.0862241882548,65.96455769697589,201.02897199760062
243.77908845199835,118.10606007325126,66.724889036313,202.85349794930943
243.69814766480056,156.61839412377503,66.88677061070858,203.87673542255754
238.832314450347,125.11486893186435,68.36783226051494,205.00424996312336
240.46198603090681,122.77134511599812,69.27695816328082,205.5228285309703
233.82462253558427,120.45356997275448,69.97426470909154,205.96590533584612
235.42924957471953,118.48096975725674,70.97652851017544,205.69958788748718
288.71820017739964,118.03558947820466,70.04850883690224,206.59034844559136
291.2793351650996,141.67392241083144,69.14800793214563,209.97491142805833
291.1131199327389,123.79477896078166,69.48043839686707,211.70542560954118
286.65767749371935,148.65790695017284,69.8229755825958,213.3892557846217
225.79173377230333,156.73807503748628,70.75177864701884,214.48650309262464
281.834415752358,145.54550182398003,71.68909288075295,215.13651909774416
274.3847285938002,138.7692591060802,73.46815690241993,215.5686942380954
273.750108743852,120.51497161463087,74.73739660231644,216.78050153055233
266.497711930273,144.15246518883276,75.88466928981086,218.48309116091497
261.5922435526167,125.13580815976879,76.70025100275487,220.53498504956852
256.6226422978293,124.76685035559862,77.55587330013412,221.27290065790885
254.20882039727633,122.41602494607442,77.81563802118487,221.406672396902
