1.5,69.5,98.0,297.0
0.684790601931013,76.11437849320902,98.63041879613797,300.8308967838564
2.8771929377691947,71.83297424285541,100.33153221364327,303.307787195382
4.815459294371678,73.89830895332975,102.60731947095543,305.32943774495044
6.93561356735399,72.79117909800027,104.58974217197755,307.5436974556094
9.935767027042765,68.75539522095966,104.87990940936922,309.3247910529214
9.987480471157923,70.56540709646026,104.7764825211389,312.02591231846327
10.353055605981808,69.53732167390234,104.04533225149113,314.0820831635791
10.471403858276638,68.39201661337665,103.80863574690147,316.3726932846305
13.529532600606053,64.25967719161036,104.09422869121961,318.2355216991861
13.259062421824133,69.77395806341238,104.63516904878345,320.07410569545556
16.045574485393324,65.98039319203681,105.53177828014343,321.19160207970833
15.308913857329621,65.8452394657022,107.00509953627083,321.46190953237755
14.685871114934159,69.22449440888104,108.25118502106176,321.23619575612906
18.10196808901872,72.79124216484095,107.9713599186483,320.6550690899649
20.727348049931678,81.75135505758169,109.25958064118197,322.35178523756224
29.01404957253753,81.63821093520636,112.44620292041304,322.5780734823129
36.91064266135204,76.78068409608267,116.59692365280819,325.64515819055225
37.536692395831984,78.89254202732147,122.11194898082151,328.1885671250478
41.796475366655116,80.94634513213191,127.39878784307149,330.9841633173751
39.278517474482214,83.24397509220142,132.4347036274173,333.4272901001639
41.29566752015735,89.38946333595479,135.5640771685928,335.4636608777087
43.96952785845586,85.01640262420719,137.46519384928027,336.96094494391946
50.58723922753282,83.25728388870974,138.8383269991626,340.47918241491436
54.219298234012115,85.57963148183495,138.95364507080473,343.2139233132647
61.39052901382327,80.40340905823348,139.45298256833874,346.14546863188946
65.03028215383581,78.96004200404064,139.6455050160105,349.0322027402751
65.1212764552677,77.83737565494374,139.46351641314672,351.27753543846893
72.30586778196948,77.13674265678029,140.18651905459564,352.67880143479584
76.33052633991738,80.42786494710299,139.7163743427485,353.6757292581991
81.09633243222201,76.31521222015749,137.76987336111532,354.31592350911404
82.60350404089164,83.64218171079645,134.75553014377607,354.78092753386096
85.03240518173067,75.73395167231538,129.897727862098,355.57329842805586
87.50132908677682,79.74088372364267,124.9598800520057,354.9952697845176
93.35638123199831,76.12389356775643,120.58788320658971,354.89114265126307
98.49527384054174,115.94383459733206,117.56711829058733,355.07848390404115
106.30305091406852,86.96467217159727,116.36048640317941,355.40111971692806
113.74106625640857,78.96157617059424,115.85832537410003,357.0334420633334
120.31211092682278,70.60598971695993,117.11807609601074,359.3427749078629
123.63554731075315,73.22401743144746,117.72806884858309,361.36358499932095
129.69840424761426,76.09955419145538,120.19592063153624,362.9092943076428
139.56056372688838,141.68789087590525,122.56361936701755,364.2847271029203
145.96249428988753,153.92981533371756,124.61355128985855,369.50846428497425
148.77768547905964,91.66237805864324,126.52190779544414,373.4235166922458
148.26013999236142,85.43762142070005,127.55699876884057,378.2436763029659
151.71797492893782,79.35959940322647,128.35823986726348,382.68280936633744
152.0213857116915,77.15066635559316,127.7514183017561,387.10067546160406
156.20278903534194,75.28854346272425,127.23513324598133,390.8249212473419
160.8964251201024,65.22129698351202,125.73786572453486,395.1794049096174
165.68630870455925,59.20418988460034,124.08242784125481,399.2892898218072
166.87628809579368,54.11572019277841,121.70246905878592,401.51412428738007
175.584406346162,57.51979553814678,120.16543315337934,402.64557389430837
183.32967870173587,64.60440921088963,120.52910029874266,404.3305584053337
186.11421766820794,63.966729640898734,122.91771701112299,405.6059175453155
192.20574445795882,67.31240363247593,126.7747606742515,406.93461818347623
194.58783747675974,65.81353078812836,130.12078508903295,409.9323638721714
197.2808323280787,64.26086226881165,132.94922846821112,413.0377009108048
196.11851443407508,63.01849205170697,135.27386425621836,415.52244134501416
198.98297030279338,66.1854923690388,137.93352186844547,417.57701006001423
197.96904720592536,60.49441964152214,139.96136806218152,420.4926026484155
201.45016772465416,67.9712367179909,141.54429115963336,422.6292967652969
201.0341033194632,62.61039268182003,142.37641997001523,424.746452349117
201.18527371917145,65.77952160567204,142.0740791705988,427.0580815082954
202.08468837588612,65.31047268971298,140.27524985716943,427.99617934021353
198.24530528126442,64.43852991129683,139.29637071275596,429.74006489704584
199.0874918087647,68.55268500704855,137.61199765775538,430.1762220307906
195.9368771390189,67.68586373744614,135.27352614625948,431.9098645699954
201.65313460416428,58.90558313284336,132.46223102865167,432.22798615383505
202.67324729325446,67.6305317894782,130.42200565047128,431.92566800378665
203.75429085638615,63.03387336005923,128.2599185242079,432.587260191549
204.15319012970093,70.57456688445401,127.4621199775784,434.50779030174493
208.7708968300891,61.872154973325706,126.73998402437095,434.88605922886364
209.25436682881858,61.289235656388485,125.77304402691205,436.0518978627381
209.25477804526997,56.962076973547084,125.77222159400922,436.20258409445125
214.16002918643215,57.91093776248374,124.46746321039203,434.30486251657794
214.13136481150107,57.73147190951212,124.52479196025415,434.6637942225212
214.0280005610793,57.74738195720346,124.73152046109774,434.6319741271385
217.9559108915217,57.432557596888614,125.33985208864515,435.2616228477682
218.03498418119293,57.85245872109121,125.18170550930272,434.421820599363
218.12629847116884,57.89800424142646,124.99907692935092,434.3307295586925
222.17530903103147,58.14800954123655,125.36594596417731,433.8307189590723
221.86327766196504,62.64053701686447,125.99000870231016,433.3103339360173
221.00626788641165,62.903429625537456,127.70402825341696,432.7845487186713
224.6082907845123,71.27278781293975,128.99339843251505,433.0326642944655
228.32830716377055,68.30319412303453,130.07424885328837,430.4509684949861
231.24577301399975,68.97035647999542,132.7437204042314,429.11664378106434
234.1952597048899,69.56488549472732,135.3796547759155,427.92758575160053
232.4456988234516,74.64499900988434,138.8787765387921,426.33404141591217
235.37770018281816,75.02348352845223,141.62317127417217,425.5770723787764
238.13002017572737,79.7517100150618,144.76646154521467,424.7685496624182
241.05151561946928,84.20454555603138,147.61732312118326,424.5567310439315
239.982492788816,80.70835551438694,149.75536878248988,422.80633944830913
240.03060671124138,85.67058408994089,149.6591409376391,421.63851997104206
240.42998967696747,82.07121624961877,148.8603750061869,420.09904459361064
241.02138551514412,83.06546704629397,147.67758332983362,418.11054300026024
238.032409147762,84.05514371599105,145.0036772375225,416.1311896608661
234.97615081417445,80.6740080564359,142.54118025102161,414.3184473263004
236.76554384344405,77.3550311417429,138.96239419248244,412.45207156281145
234.34425203534602,77.37349035029294,135.39253972282924,412.4151531457114
236.22721909194968,80.84180140084177,131.62660560962198,413.82510490026203
237.96791325559224,80.71350678424113,128.14521728233686,414.0816941334633
239.2661402577437,85.33621646781455,125.54876327803392,413.0731140900357
240.27669321384525,85.78212103158182,123.52765736583083,412.18130496250114
240.8594171819714,85.6897818533518,122.36220942957851,412.3659833189612
241.30123555841809,85.54454340817335,121.47857267668512,412.6564602093181
241.19466348103157,93.25952278384432,121.69171683145814,413.41266172068936
240.67302654428002,97.0482533133436,122.73499070496126,413.942935441804
236.4665120667985,76.45522841182611,123.0133926312303,414.45585010136915
245.73330063181612,75.7333857291664,120.77392281925108,415.8995354666886
241.81843947688284,71.25403076060678,120.47784980966259,416.73245008435276
242.26074891302667,71.1973710261953,119.59323093737493,416.8457695531757
243.7024588190232,70.84582607666661,116.70981112538183,417.5488594522331
249.39199334530744,74.79737518881143,113.40391314891231,417.71893230404237
246.75319894970923,74.65953003236467,110.66794208158768,417.9946226169359
252.10951165807316,74.9048465938688,107.9212632398199,417.50398949392763
256.7037983396984,74.57188224994437,106.63988501233943,418.1699181817765
260.8223186508827,73.93585591172013,106.29514739244536,419.441970858225
260.17218098876845,69.25592641734448,107.59542271667391,420.8981960353947
258.815311269282,73.02816479837958,110.30916215564683,421.3024334270549
257.87549157637005,73.19185775319636,112.18880154147072,420.97504751742133
256.6256808685054,73.48295167443428,114.68842295720002,420.3928596749455
251.90543105345483,74.3587629434638,116.05357252322753,418.64123713688645
247.40165711314233,71.62384643430087,116.98484081688545,416.0347905682452
246.90466912390616,73.35287125399265,117.9788167953578,412.5767409288617
242.78926114582328,79.86432604858982,118.18289005429494,407.580574036896
242.56095872040942,78.68780214631423,118.63949490512269,401.97362723608995
242.61861705241313,72.87876419789663,118.52417824111527,397.8131982763287
246.53051297623978,77.68629475727778,118.52865819967644,396.0264089637809
246.29615427379838,77.91208029863131,118.99737560455922,395.57483788107385
245.96234827560792,82.10190102828977,119.66498760094017,395.0005790325871
249.2143353342572,79.10359760121435,120.97064352666408,393.1875558437155
248.82484892336848,75.8611623056886,121.74961634844152,391.86430622663227
248.4062017363418,76.11298255246123,122.58691072249486,391.360665733087
248.12585033890878,76.34172619333509,123.14761351736095,390.9031784513393
247.5998426939846,77.1602824430515,124.19962880720925,389.26606595190646
247.22002694242522,73.61549046849206,124.95926031032802,388.5435791420723
250.5763405249613,77.6241119803588,126.06241771226115,388.34212068534407
250.45203965842478,73.71558655656898,126.3110194453342,388.32598022287294
250.28116178156984,74.04527877095501,126.65277519904407,387.6665957941009
250.26680301217937,78.02774014917185,126.68149273782498,387.5360988921134
254.39941019572282,74.81464504990811,126.24937599255789,386.1291914688211
254.93718523896467,67.70780895365317,125.17382590607417,384.732523344667
255.47743817622137,68.13279583208916,124.09332003156075,383.88254958779504
259.6591897550555,65.59901347620135,123.4634773373775,381.2164538360857
260.19285465167593,69.26703155965646,122.39614754413665,381.56462899196174
260.8102067339126,62.809826444764354,121.16144337966328,379.13995892640554
261.19255509954786,60.19684428441914,120.39674664839278,376.75352510325996
265.48975961484723,65.56336626918463,119.3667827636482,373.5849262795831
266.1472836430309,59.66101747924901,118.05173470728087,370.388611759746
262.8226162689109,61.675901078158944,117.27014261311663,366.35884456192616
263.1078041766585,56.75606509435761,116.69976679762145,361.47985322271285
267.28872470900626,58.93821176763902,115.61747652348805,357.11555987615003
264.12724775014266,57.0628501198037,114.74276697402604,353.66861970463145
264.8086163397943,55.47990483663361,113.38002979472279,349.70188907155296
265.1436437990384,64.10493041721034,112.70997487623464,346.55429844678605
265.57329416557036,62.731802345773445,111.85067414317058,342.3063561163142
269.61375551398066,57.17141510062848,110.68780186624244,339.59102976681925
263.122970002028,67.80064935202668,109.9531410564118,338.9069090146268
263.6786598293866,61.31930919401296,108.84176140169458,338.19977593722666
264.33705753000874,62.05522589031071,107.52496600045038,336.72794254463116
261.39127549939275,62.42456239765173,106.65720883135751,335.9892695299491
258.4387495574766,62.84713351268567,105.82939973172546,335.14412729988123
258.75609535246355,56.425875918952755,105.19470814175168,334.57540803740113
258.946787781902,63.5698352074171,104.81332328287472,333.6591866335293
252.4994138413374,67.69069053108686,104.37643338588114,332.0832948752512
252.68926210163303,74.5546322891773,103.99673686528985,331.6262277245005
249.38748803684643,74.52807564880021,103.97836281864389,331.6793410052547
242.73788106814686,57.67101394941031,104.03290362799694,332.2817815839194
242.4119425934409,57.291548156481724,104.68478057740886,333.04071316977655
231.91481443843665,54.395196797427985,105.7150107184246,332.1787404982198
227.60178279764153,62.14155873211811,107.6796477025182,330.00886922383273
227.34761074747172,65.53255673647246,108.18799180285785,329.89358742429295
220.4688921728666,66.08510220673006,108.59662875735323,328.78849648377775
220.84555648727456,66.12236319491572,107.84330012853732,328.7139745074064
218.17344054296063,72.69583634247044,106.53622474088807,328.86964276485116
218.81649902928388,65.79148804177584,105.25010776824163,329.4192737123797
219.75225449430582,59.571715937977956,103.37859683819774,328.6314269737302
217.50534539809507,62.788359292998365,101.30437284123795,328.7661824530706
215.16643305133175,63.05208680844905,99.45054197486266,328.23872742216923
215.46938647014244,66.5324389628102,98.84463513724124,327.7678956629121
212.22482574212586,67.2584797293041,98.86177954927714,326.3158141299243
208.6998361724776,63.753310317046726,99.46001963055724,326.87441389642265
208.04452338978012,62.955897474692335,100.77064519595217,328.46923958113143
203.7077158134575,69.49068849059839,102.92668268674619,328.43481287302177
202.7549683470538,72.90130290756306,104.83217761955358,328.17050272313793
198.07544328241414,80.19616144116125,107.60295225354244,326.7573366465224
200.07935859825702,67.52094943860178,110.21419928466226,325.6314500004192
210.43798378814301,73.92314043176304,109.44941606261332,326.12871278591206
186.33458824961082,68.17356053871589,111.14869318033077,324.3400114407644
166.32410788233966,62.49396030199449,111.27283124299619,322.4002710235815
226.64835579290033,60.10812426271664,109.85772074474636,320.54786613975546
234.3853114170814,57.520532042946485,107.52757301060461,319.1511688221856
241.93183614263506,56.10173956580425,105.45343604260712,315.47929753491513
249.13302477794474,55.346345170092945,103.88958388291917,310.57082377087204
249.60823915654947,51.2438510431308,102.93915512570968,306.134226671873
246.75859062362815,52.388373014455965,102.39819714534119,303.8451827292227
252.8812346248267,56.754216437161034,102.54845920324765,301.31127091396434
253.03705531714485,60.98263397708777,102.23681781861136,299.01886025248405
252.97582517376463,56.00051035870206,102.35927810537177,296.730963850316
256.1447801374123,48.243927399741295,102.11705532070603,293.957068340349
256.03578351823785,64.9097233961482,102.33504855905493,290.8840458218053
256.00518623612487,63.19121472634424,102.3962431232809,288.3092415649927
258.94994045490813,63.67007634568094,102.48289716288359,287.3515183263193
258.93458089499063,61.580203444694604,102.5136162827185,285.56721265029995
258.96015110278137,59.51068343879791,102.46247586713706,283.7671445517874
259.11331679986233,60.229393086029916,102.15614447297516,282.3297252573234
262.3420501080201,60.76740638882066,101.58502480060518,281.2536986517419
259.7899904125349,55.64101096208347,100.82852151522363,279.78524415251246
260.0082464218725,56.23754618453836,100.39200949654841,278.5921737076027
260.19075605034266,59.32908997383197,100.02699023960821,278.2100544577877
260.4926682802489,56.75207487983002,99.42316577979567,277.575189645638
257.8303341068542,51.371594716739054,98.9789532875756,276.7983882938009
258.1459458157879,66.2199422012821,98.34772986970817,275.85033543111075
258.4273710757068,60.90815237229472,97.78487934987042,275.02443993413056
255.67443754207193,64.022686208887,97.5880164421562,274.49810223592993
255.82496371649887,64.26955919866526,97.28696409330237,274.0043562563734
255.9037099442932,67.50814909877965,97.12947163771366,273.2063014664414
256.0171907587949,65.06348846734232,96.90251000871027,272.4307552002583
253.26221022058277,62.39760252480656,96.76279988300719,272.1128558832024
253.32785930602745,76.51277187696152,96.63150171211782,272.09549456543243
250.6182555307671,71.2780531962579,96.41074367090265,271.28500074336796
250.8398521326306,65.82978740355833,95.96755046717566,270.9327669382436
250.9001172702636,68.75055400790379,95.84702019190968,270.70254344684537
248.04482971187912,63.22606495799252,95.95176127727066,270.53985348385186
245.31297656489414,71.58853889209499,95.81005639665753,270.63113913939634
242.5497500627687,68.79485089764336,95.73236606945049,270.6143717968418
242.52256130643778,74.55577213998481,95.78674358211238,270.29751670349685
239.78307335161978,74.73760539217665,95.66676422165011,269.9338501991132
237.01918049186835,72.16904579807166,95.60296625140263,269.4793856975728
236.91561056515707,75.04069636930481,95.8101061048252,269.32001923117036
234.06732563333588,72.29900948212574,95.92125998514419,269.2179770222051
231.26802391775615,63.921698703538254,95.93388936967898,269.21467643950626
226.0278512362773,49.59411235006033,95.24192290279777,269.9390695718648
229.2346945436099,63.74251985434833,94.41218234743558,269.56198485980366
220.9704873510841,41.26652026269187,94.25013130822461,270.0060762450829
218.2281271451083,40.67289002515176,94.16797166390556,271.19333672016313
203.82625265038192,68.0413863719211,95.06009618555855,272.279592962224
198.0566535969338,70.75982377893575,95.37119036629376,272.4567701112752
195.14231508673384,149.29817735250057,95.57763084141945,272.8026862318241
203.2989460243287,202.54900183418388,96.15714737297725,278.9195599801074
200.16341060468693,140.70458658339365,96.69948322999144,282.3049558540317
205.4096006047039,137.16641717904372,97.78086790471338,289.38129466273153
204.21173506242246,112.04044784697263,100.1765989892763,298.2811512332333
205.9461429398927,97.01826641829106,102.78573237522014,304.01371752705916
213.67166894365738,115.86583491029316,105.95644329571009,309.76936070843334
214.87005652238807,116.59881658790198,109.90678945294921,314.65051866791623
216.4453022822729,122.1651920473829,113.24496294926891,316.49509778113304
211.7710807032491,115.4609113095346,116.01779928257469,316.7524456073461
211.02042240328242,101.17653191063758,117.51911588250805,318.8033534349666
207.24124602239795,100.32841981698428,118.39153506915241,320.4995776222732
207.18409992361674,110.01300150903901,118.50582726671477,321.30831630883273
217.1632506649978,95.8690700634003,118.7663572262326,322.63773727707024
220.5606216005031,95.71133997306785,118.73496293922835,322.95319745773514
220.62615579930116,91.91523097046704,118.60389454163227,323.7781185819032
234.8453247967141,105.03007994479509,117.27250587985309,324.65536996629373
242.59759279089042,89.72400703319926,115.29839168242687,328.2066722076326
243.48840648358606,95.01502850316547,113.51676429703562,331.18492835801385
251.10137505509869,89.67584155169075,111.87124647706932,335.0730925994338
255.09018062439827,81.35194940910202,110.7091766230567,338.0897943154382
258.6162421816335,76.68012678192218,110.4942211188778,340.59627195950634
261.89546689964266,75.95479791582642,110.80461992670797,342.04692969169787
265.2696146525276,107.05483233763908,110.95148585278918,341.90331373473373
264.9020082324477,79.09058872307853,111.68669869294895,342.6652573396729
267.9118046066549,117.27703061969046,112.58724911517412,342.4139484234839
271.0841976550998,127.52402172150656,113.17555086353532,342.71922975560466
274.2932916774791,109.96824128479906,113.70557342079626,343.08973761892213
270.4542506871758,88.64828025988501,114.42046631665617,343.9505251602704
273.7292851497068,98.76972290801146,114.8589215729632,344.6732124081246
277.12617069447214,109.39241228659822,115.0719827530469,344.44833045979425
276.9019910768915,81.18058714687746,115.52034198820817,344.8117432015417
276.71593595262186,77.48265916488583,115.89245223674743,345.186696616774
276.4746277442765,73.66717153971726,116.37506865343816,345.7846281725288
276.2414194819797,69.92075020010287,116.84148517803185,346.22709282390935
279.38893110477136,63.015263095335484,117.61166262795227,345.9076656424366
282.63891651037613,59.72649063530312,118.1864045076079,345.41049787163615
282.5437568209639,56.44425532963939,118.37672388643243,344.8968565098497
282.36052939998984,57.156381729151974,118.74317872838046,343.47260371082456
282.3239083302178,54.1089154053079,118.81642086792448,342.50690857241983
282.33343810980745,54.747679336006655,118.7973613087453,341.2293807110223
282.39082632270845,51.80503934733434,118.68258488294326,340.08504560176885
282.5853096983327,45.538694196937854,118.2936181316947,338.59533718401934
282.87212496283524,52.985417121474484,117.71998760268968,337.66762730816333
279.76620021561257,49.97663224513474,116.97263891963973,336.7259988833475
287.3430047289138,-15.65445929768137,115.68336532705374,336.27699534582416
280.679185372834,53.682051020556116,115.20642729418863,335.64974215959546
284.5837574038965,-25.285733827343932,114.28193774737758,335.2382580031748
278.05989979603396,47.21915336330318,113.60578851641345,334.32906031211763
278.48266719823084,44.18679362778852,112.7602537120197,333.5571398092778
278.7773959886977,51.31838194715502,112.1707961310859,332.9143772379359
275.7919672306676,48.513423844344146,111.3513683580082,331.7340081544197
276.300619444145,46.03289865935332,110.3340639310534,329.93655593274093
283.5022667094587,-27.242560532525317,109.35939593135608,328.772582476268
280.5044817442243,43.815795067221075,108.67505085273078,326.9340864677501
277.5654103174007,41.25463199897308,107.91196540965802,325.41518430752603
281.34197013188367,-10.943410254601162,106.96449281848993,324.1209162099079
278.3534631887865,35.90104608133001,106.37162497221878,322.410347792562
282.03731639985244,-15.20774260286629,105.53860777307364,320.0728975931677
275.7732351541188,38.0080489771876,105.09440970902676,317.4201988771727
279.41360195059906,36.45627203847323,104.25398631489968,314.0834425557681
276.9397675500078,37.53820880284147,102.82420584621985,311.9195690270316
277.8314782227675,35.59872190069581,101.04078450070057,309.478063355656
278.4041223888291,36.90356089663413,99.89549616857728,306.86838536377934
279.07071093114405,37.81552617031102,98.5623190839474,305.04445481642557
279.8055627484934,35.866394128086654,97.09261544924868,302.7981665532752
277.38191810069213,42.75477428616651,95.85427476887016,301.1926661890778
278.061706413233,37.53468554696673,94.49469814378836,299.5527460289145
278.90373122178954,37.9462565734182,92.81064852667532,298.72960397601156
276.68626654646994,38.31804819208611,91.29659112581923,297.98602073867573
277.1606983255406,38.945023493041646,90.34772756767785,296.73207013676466
277.6596599493644,39.82030015894645,89.34980432003022,294.98151680495505
