243.5,32.5,75.0,231.0
246.22086091992153,31.882248470853185,73.21799268208626,231.23550305829363
249.77086974009507,32.1230648998082,70.74825912608625,230.7538702003836
252.74624937991337,30.377377216145717,69.37536037480459,229.66738503935366
253.22495111134904,30.70732544689153,68.41795691193325,229.00748857786203
253.60967491193182,31.021660925398777,67.64850931076766,228.37881762084754
255.71735155589388,31.22864733097768,67.91992524953645,227.96484480968974
255.62167478663977,29.56997306888873,68.11127878804466,226.7962371802283
255.22623547882398,30.017514919374435,68.90215740367628,225.9011534792569
257.2635536000849,30.04976192357367,69.30247944448084,225.83665947085842
254.95966105748,29.99148392748623,69.42881153940948,225.9532154630333
256.9101076009624,29.563607840339557,70.01335951260393,226.80896763732665
256.82618870986505,29.29205385684797,70.18119729479858,227.35207560430982
258.84926218482053,31.383134072233418,70.65422442873594,227.68908925738725
256.67387755032627,31.15444587534671,70.47230244347021,228.14646565116067
258.6078197965113,32.38509952612404,71.14023057800435,230.22097097651016
256.12474547137043,33.34633968931436,71.52882159028937,232.8760482881263
258.50491636513783,32.10786967662662,71.3908447575603,235.35298831350178
255.9228347793105,31.33492672214939,71.90011562977716,236.89887422245624
258.56708144195045,30.528184583566343,71.29783716528733,238.51235849962234
255.94305847000038,30.06971907220334,71.84800001155472,239.42928952234834
255.9510111898949,29.782490034274957,71.83209457176572,240.0037475982051
255.6534112473809,29.677284512064034,72.42729445679373,240.21415864262696
255.11235263480899,29.9267816955238,73.50941168193756,239.71516427570742
257.1952917379847,29.526080607425513,74.09942717466494,240.516566451904
256.6262429454199,31.64865301788589,75.23752475979455,241.04958193521594
258.16683154102697,31.907075567316994,76.96308752745638,240.53273683635373
257.47738581072497,32.15914386841558,78.34197898806039,240.02860023415656
256.76308338053894,29.831914045033756,79.77058384843247,239.83368416092748
256.2020300998927,32.11745063484034,80.89269040972495,240.1353949481217
255.46058445432197,29.90657026092937,82.37558170086639,239.659556591067
255.0655125514653,31.954066510710504,83.16572550657976,240.48244181072255
257.0743591344078,31.42266661353321,84.09203644806762,241.54524160507714
256.5970894021192,31.255434273928614,85.04657591264477,241.87970628428633
256.4780264314313,33.42286607700963,85.28470185402057,242.54299191201997
258.7231754354133,32.93791875767289,85.80634827097428,243.51288655069345
258.44402757393937,32.585439041345595,86.36464399392203,244.21784598334804
257.9168418730867,32.00643232720637,87.41901539562738,245.3758594116265
260.0340381541031,31.45807907621716,88.2757652940968,246.4725659136049
262.23917683675,35.75698278573475,88.98783356131489,248.11944975959375
261.98602420976613,32.84277209014428,89.49413881528264,248.78908421165323
264.1073234881509,34.877283687218025,90.42907101593723,249.8975917749298
263.8255200784774,34.248365010914284,90.99267783528424,251.15542912753727
266.31916723702903,34.045819744570124,91.24387808972737,251.5605196602256
269.0429853006373,31.11907957804317,91.04507524091174,252.16516671487852
268.8506577250316,36.27757370705366,91.42973039212315,252.35594431106173
269.2049135510835,33.20224800784723,90.72121874001938,253.2430231118293
271.9131884865126,33.031574628574674,90.56809509535428,253.58436987037442
271.9716190991104,30.372195200545477,90.45123387015863,253.6375996517214
274.76836081053415,30.45773928667593,90.12192137275801,253.46651147946048
275.2022807164145,33.189231427484486,89.25408156099729,253.25928135911488
275.6650131150778,35.916192938180814,88.32861676367081,253.04240113357724
276.2885185182814,33.37946818712443,87.0816059572635,252.8987221198319
279.2505742916795,35.351719873091156,86.34987603663593,254.14660037406713
279.72163058931216,37.71340870628444,85.40776344137069,254.62004721903372
280.40894975181897,32.27076183725717,84.03312511635708,255.13262471391158
281.2244557033814,37.12694867435715,82.4021132132321,255.7572304197937
284.53925806829113,34.31814155430146,80.91994096352387,256.2274121797939
282.90540866086536,33.97108982284587,79.0608110959066,256.92151564270506
281.2851811989256,36.48856578323583,77.19891556959017,256.9889141721211
284.0176635780111,35.98388713157672,76.8027721003017,257.9982714754393
281.8857767254181,35.68697172613912,75.99079654196626,258.5921022863145
282.254495567933,22.261877522225234,75.25335885693646,260.0970207606654
277.2536784475886,34.79683311252785,75.10181902303768,260.41004476652904
276.42243024593404,42.929897275981034,76.7643154263468,259.37846504677896
272.768719289086,41.00545277515178,78.97718253382861,258.13279924222314
271.8589293861987,46.18921743423124,80.79676233960313,258.0011975304626
273.4861218019005,38.07978426491417,82.69209709204567,258.7709051175585
269.9716969170439,-2.122771728824148,84.52538402390604,261.2425745372433
269.00184924391687,39.98104975710214,86.46507937016007,261.26489320936423
270.8858812653427,45.28323038889667,87.99728408753633,261.2610694662308
265.66195095753926,33.6281207768391,87.78865703993816,263.2583133639361
265.90360432039085,40.77308833206246,87.30535031423493,265.0269632457421
265.9714630625051,34.31413344509215,87.16963283000644,267.2065252721479
268.62573984028705,33.57932917300744,87.25875332731246,268.67613381631736
268.66911839015904,32.312650323509104,87.17199622756841,271.209491515314
268.358216921749,34.01576790859406,87.79379916438859,273.2578489085897
267.7475768737871,33.13434681886699,89.01507926031223,275.02069108804386
266.68968731881586,38.08339371502626,91.13085837025483,276.2078030126869
263.0336533532876,37.374839419092666,92.84463237753576,277.6249116045541
262.8195008019689,36.5031307911583,93.27293748017317,279.3683288604228
263.0301409568719,35.89593407048346,92.85165717036712,280.5827223017725
265.8249500244727,40.94401275976057,92.95408648715049,281.870659827188
265.4490037618927,32.71623343904534,93.7059790123104,281.18948727449106
265.314354221299,38.423345761070294,93.97527809349774,281.2079037440243
268.4175867408875,34.90382346989591,93.49032248245334,282.52543889824057
265.1458106952846,37.6262569673475,94.30249357701088,282.8119528999858
265.087358103124,32.092826283190306,94.419398761332,282.37816361737623
264.97510625251107,37.54421278932807,94.64390246255795,282.96797032517304
264.6633614620245,31.661415554546068,95.26739204353099,283.21598218192696
264.3686160326657,36.93523184429927,95.85688290224861,284.2157915332862
263.8135096557725,33.77546694561093,96.96709565603496,284.73659186866826
266.35005634291264,33.25715035953621,97.72041978839967,285.7732250408177
265.9251369599918,36.26458580422931,98.57025855424142,285.61328528222737
260.0043409894674,33.062683578232196,98.67557376039274,286.14895136677285
262.7814968622392,35.92207735943174,98.9989570967555,286.30785888628014
262.8976326825534,32.575672073084405,98.76668545612702,287.11481901221896
262.6567026685764,38.30223776693842,99.24854548408115,287.4479411524003
262.4185296815764,35.39869134864702,99.72489145808103,287.34837961878566
262.2275184028874,35.09257221647019,100.10691401545904,287.9606178831393
259.436407201424,35.040129066195476,99.75954444604571,288.06550418368874
259.62673001363294,34.73120344107352,99.37889882162787,288.68335543393266
259.65988518066627,34.77520476955232,99.31258848756127,288.59535277697506
256.6021196235421,34.90739772226928,99.50393746813391,288.33096687154114
256.7631013981388,34.70705676188717,99.18197391894046,288.73164879230535
256.81642876575785,37.0455903735012,99.07531918370239,289.97832683556385
257.29403160282675,33.62835120437694,98.12011350956453,290.87323410076544
254.28794843414838,36.27414985258497,98.19739472105988,291.51652193021084
252.03071231216634,35.43704024696649,96.76640908824022,293.1907411414478
251.94847148579618,37.781850945000826,96.93089074098054,294.44422214285794
249.4088316422987,37.15977296012326,96.04622643692014,295.68837811261307
246.7264690985104,33.773070091683394,95.44554910968444,296.49638143468036
246.54780067451307,39.22034966487419,95.80288595767904,297.53351527017696
246.56342139074053,38.578958428832635,95.7716445252241,298.8162977422601
240.81053776301505,35.054336768819354,95.26783198153845,299.8607511627183
243.76037443244252,37.141066689306086,95.37850439634622,301.69763707540756
241.11036059415147,36.995173642426295,94.64007951507007,301.98942316916714
241.37575109026187,33.2955858840254,94.10929852284923,303.3596210899934
241.12126126332328,35.6336182705798,94.61827817672643,304.7221639474019
235.2351211302467,34.83545247686726,94.25591063228494,306.318495534827
238.54808804596195,31.455503888406668,93.71322795023232,306.99514156237035
238.35342739480726,33.17725326432756,94.10254925254168,309.6344390528497
235.43390557451417,38.3855866621854,93.81421097363334,311.472536096123
232.4937881845847,34.2900704300213,93.54638600610252,313.5155088130614
232.63720023067606,36.3767552368833,93.25956191391978,315.5141377604894
229.63033986608093,35.30998487967503,93.07834525168073,317.64767847490594
233.07374740654325,37.35353862767511,92.41325874342257,319.78229955157235
232.76277840570305,36.745644078838495,93.03519674510298,320.9980886492456
229.73962288487945,35.879905041020805,92.81324145164469,322.72956672488095
226.4681382645574,32.59965525787746,93.06762819957943,323.0014837984583
229.6802028576513,32.095448121866724,92.94066622996499,324.0098980704798
229.76225419377278,34.666014675570864,92.77656355772208,325.1778030795667
229.65044978584655,34.77736986601198,93.00017237357454,324.95509269868444
226.60356890967594,35.139892948298865,92.77044091468922,324.23004653411067
226.93265873215788,31.799830102324535,92.11226126972537,324.6012030245037
227.16704884296237,31.488671372109025,91.64348104811637,325.22352048493474
224.13355530993175,37.817586948911014,91.40853586148638,325.16955383671325
227.6096652662506,34.083205128369315,90.7530920807084,326.34154134593695
224.71988455037274,34.22128240193473,90.23162121867371,326.0653867988061
221.46357080052087,30.410069950263875,90.45688175310202,327.4004447368724
215.11131376840456,27.30837479162537,90.54058176264506,327.2934280268046
221.99531676180294,40.92571878207593,89.39351165643038,325.30061180706764
219.01027806311438,34.96030781317046,89.10271802336462,324.70969168399273
209.2918133450426,35.28462687818168,89.79838208984887,324.0610535539703
216.2316106742947,44.20939220917927,88.42077592114858,324.9645056266809
207.1630408888753,37.48546957422374,87.84429428205249,325.936603423302
209.7669051871433,40.119687122153096,88.8772911002003,326.90889374212713
195.90924696237178,43.030516733905415,91.49726947229709,327.36106903798407
194.77242302607004,42.41615328899411,93.77091734490058,328.5897959278067
187.10214335603524,44.9132795975637,96.33309284779297,329.9847352292561
185.6669876679557,37.47821625622109,99.20340422395203,331.94152916615286
180.8892857979368,40.85006117828797,102.22111373628195,331.735533549727
179.82395488263697,40.45789346690589,104.35177556688161,332.51986897249117
178.82811492698443,46.18089926945686,106.34345547818666,334.35614947441246
174.90967649336264,38.93301460303172,107.47642854557346,335.4441112075492
174.90336597760302,34.62928803313628,107.48904957709274,337.31136476599704
171.63245458982988,30.133990239515242,107.26392957697358,339.5350175775737
175.60529904497753,29.479733910388433,106.11259621425447,340.8435302358273
172.83550939373384,32.194193391072105,104.86049799696306,342.20628879423873
172.97246750377374,34.80927339483188,104.5865817768833,343.76397713326094
166.0899134878925,31.149096846872453,104.74200930640849,344.2794899780611
162.87417558697274,23.994093435635875,104.35846637810828,344.95945934025485
156.25407120211054,23.624815097756283,103.96359371654651,345.69801601601404
159.99458135703483,29.709303433389238,103.303247113609,347.17038675857026
156.31499427291072,33.40905760129934,103.83317163642326,346.60012806818406
152.56351847609238,33.60614633835533,104.50510331477517,346.2059505940721
155.41811054128112,34.23642456452464,105.63382307088592,344.94539414173346
148.1146461644824,37.87825823013554,106.55883436493869,344.502685540284
151.077220086434,34.00046419585678,107.48547705038155,345.4064830794954
147.03626189645428,37.475838496136504,108.68567436954164,345.33745353973535
143.02645687156684,34.62436176769015,109.80239955404586,344.1375221313574
142.31866955144747,34.35206600112278,111.21797419428458,344.68211366449214
144.9419889464413,37.759173684074455,112.91152904754743,344.80809194183934
137.0754764512203,31.061954025470328,114.69840293889992,344.25638015995804
139.5485047448432,34.61038614974788,116.75030938137091,344.15747894111973
135.0000074166889,38.421129845295724,118.81324724065588,343.5700483470477
134.03972285547965,38.64047257578926,120.73381636307435,343.13136288606063
132.95110820218716,42.15777496690902,122.91104566965936,343.18871999411635
127.97157043274677,42.287454978492235,125.73783742928417,342.9293599709499
127.39328160711514,42.287237790646316,126.89441508054743,342.92979434664176
123.34930499849462,45.053910601499354,127.78176336577079,344.5970536569534
115.74158399446563,48.56625643402484,128.51622362501507,344.81285286630924
113.54784798128634,48.15288094424781,125.64687087852506,345.6396038458633
107.89997662095725,51.43727458362747,122.50890086275572,346.28767293531774
109.15843947975083,44.459301157314684,119.99197514516855,345.9050914066606
103.51166077899211,48.48026584735197,117.04942033899873,344.9812181304296
98.37014619176804,37.441580078885465,113.22994584011316,345.904834157362
100.30833894139741,40.29398372401397,109.3535603408544,347.1945349611885
98.42186281130925,43.212304897676574,106.18496893528376,348.29943627961023
95.95723960743997,43.62044410405201,104.21554895512733,347.48315786685936
96.7617546414697,43.82169964998383,102.60651888706789,347.0806467749957
90.02633951943649,34.13257705511819,102.44727922889703,346.0137871113711
97.85223339134922,43.76574938545548,100.3894698335305,347.1384099733848
84.15161617359205,33.730210220206914,100.69237731313231,346.8857430869475
86.31746181681618,30.903875579096336,103.13734377338419,345.7617546224685
74.27336179723594,31.34100169229879,106.80681509573276,344.8875023960636
54.333030761648644,42.72508827059116,112.37834276993962,342.7048098776595
58.90470431175197,36.944120335582824,117.10178279555913,340.39995862185
63.96704835122938,29.907792266903954,120.95092656429495,340.4987829115171
48.789807578283785,41.05434287387405,123.07217708901084,339.3806049634584
54.75390142954435,41.76566372211397,125.30549780894408,337.95796326697854
54.2974936831843,38.78765840036655,126.21831330166418,336.81323965561813
46.977850721496495,39.56860598064142,126.65602954611245,335.2513444950684
50.46380679456923,36.98541913261346,126.77038897241964,333.3314466186717
40.483016023174486,51.50307709677301,125.54960083545856,332.53929026335334
47.66879894108261,47.75073198544089,125.23298325122934,333.01650636022407
51.55188040120864,40.71468715390185,124.49543859933517,333.0313594865864
41.835194755952244,57.60407679683607,122.88216426132038,334.33032291493055
45.957144361622206,60.01376317407647,121.64331937929937,336.51600448976865
42.41113717859716,56.262055055930034,121.72140380697951,337.0054907876916
46.10720357159468,62.897765099949,121.35161394143682,337.7787565405584
42.661401270604316,55.832596291549095,121.2165160642808,337.8556891990847
41.975378393407304,56.07055351105225,122.58856181867482,337.37977476007836
41.25988550051628,53.04251042621746,124.01954760445686,336.39247476247726
40.15148927218219,56.89645688386295,126.23634006112505,335.73969407462675
35.44984518100331,63.769410675300634,128.5539075250002,336.1652279287166
30.851202011326023,63.650196912105145,130.61769611109423,336.4036554551076
30.098178912165366,60.52318388341888,132.12374230941555,335.4837318775694
28.988950111892194,53.219915838393405,134.3421999099619,335.714879331092
21.357066960953162,45.58496029283319,135.14464505331452,336.523469263687
24.518302845139132,63.77959119336734,136.07879464069194,336.41731424136543
17.348505276024156,56.17611685986847,135.87489068867296,337.08076381811424
17.488113251926848,48.67752766969704,135.59567473686758,337.5225997016894
21.261489901965433,55.24365524758545,135.32797574489808,338.9484531621279
3.3095113586990834,55.10078617684857,134.75791386126963,339.2341913036017
11.150249517600116,54.16629630041896,133.65390566123807,341.1031710564609
14.79638626243785,64.67959958326236,133.65750128434155,341.96417182911097
17.342844024566233,61.35593204554601,135.87289509789449,341.30319756673396
23.616389862448017,57.71731240919331,138.00265182253315,341.2420126392382
5.234386450013361,57.54078608362693,137.88894408239585,341.595065290371
11.544879013139308,57.98610142696609,140.0251625491551,340.7044346036927
14.339123151401765,57.84553080030844,141.84047529519026,340.985575857008
21.075125915370634,57.475495354615845,143.24869474272776,341.72564674839316
19.82040710877247,54.427194319392385,145.7581323559241,340.34646342214035
16.197929223793622,54.3027157149931,145.50279944414933,340.5954206309389
19.298900524814144,47.312793092501806,146.80023076930817,339.57651802152174
1.280989358139962,57.72795733515338,145.29824340527608,341.26887535464687
12.52458936537225,49.70393488875908,145.327523258557,342.30593366893845
27.230328520453327,45.71829505166548,146.00006244466545,342.756208969058
19.638573531826466,34.4182833578829,146.1047373638115,342.7379797694616
19.28291564214777,15.544089608346695,146.8160531431689,342.78133687876317
15.831978301853013,26.66198631088858,146.16371339258706,343.2081867671934
34.380253091834504,41.79035244373878,146.81140638853586,343.14684856222243
27.141815878432595,45.85067605314268,146.1694425739767,342.5856204640961
27.24355779038352,34.62700787406757,145.96595875007486,342.4131137730075
35.029644647180916,27.596560033146204,145.46149127839038,341.40630321294
39.03601140124535,43.02825338052867,144.9591268519234,340.58439284482256
29.483796710907768,53.59896333466,141.59476960758064,341.9117595615778
38.081535725066814,45.42982066581942,139.2975233142941,343.3518131642274
42.859845274590754,26.660085340729808,137.16991758301452,343.74621697556506
43.98824177298481,30.407349890932068,134.91312458622642,343.64843427498147
48.7059185581994,45.310585358911794,132.832768679698,343.2619539946251
50.24473177213365,46.45663158910256,129.7551422518295,340.9698615342436
51.23903995785415,50.5845329316366,127.7665258803885,339.9380829935319
55.45029927580204,51.794152189467354,126.51746305650724,337.5188444778704
55.873995280883015,53.03541914800999,125.67007104634529,335.0363105607851
52.96546899064316,53.71661512445084,124.4216816848928,333.67391860790343
59.43276139197266,50.279123607713785,125.53395095482844,333.5254746050802
59.12730787677548,47.55534742335723,126.1448579852228,331.9316941656702
62.79314255909505,44.57802739584636,125.8426532316687,330.85686960960686
63.192551940271215,44.87996784317582,125.04383446931638,330.25298871494795
69.96513045092364,24.168905264439644,125.46985307352665,329.761586995875
63.09965299896646,31.36027926982007,125.22841157385258,329.35123538870255
-11.561452518723769,51.20881761679854,121.07925336165553,331.50998667135764
-9.859069464147915,49.59137535217113,117.67448725250382,334.74487120061247
-8.480240377158914,48.054604810442385,114.91682907852582,337.81841228406995
-0.8259965649156911,111.73921767446706,113.42890289270814,341.7445202233739
-4.230978086638096,35.18056946714057,113.29988153082888,342.20415972089745
-0.328467752064185,37.69092241115072,112.43802202928865,344.1266150004847
3.7147557551163146,40.582196703844346,111.30627671174449,345.2987681119143
0.8203631855691995,40.12309797729691,110.14448576732305,346.21696556500916
4.429256659494456,46.71753950921152,109.86894161499464,346.91256809222415
1.6115193148958724,49.08726382775231,108.55737560205006,349.1201601572843
5.5797276448735715,48.356572863702866,107.57512120986986,350.5815420853832
2.094061539800201,43.66003114947202,107.58973491991156,353.01790701373983
5.971178935745684,42.098522799512125,106.82699922904821,356.1409237136596
6.138410941301082,40.039290891234316,106.49253521793742,360.25938753021524
9.778516459350477,43.74787029703947,106.28594224857275,366.9894648520732
2.728158773409838,41.484256633842534,106.05688247419334,371.51669217846705
2.956172189271072,39.193567718113286,105.60085564247088,376.09807000992555
2.9094868677485977,33.170670644885405,105.69422628551582,380.8632020996035
-1.115434931495173,128.81779425484507,106.39446780601864,388.00821098527183
2.440059907835753,52.09427347378676,106.74690595680474,392.18669595842937
2.22494719623068,43.27928702594005,107.17713138001488,394.75885699446223
-1.5572175050334707,45.530062114271004,107.16824693976858,397.83052066057496
1.9090378200574918,41.16657940187923,107.85203229015269,398.9411900847925
-2.1638122586466224,43.3572048145206,108.3529406882139,402.20473101885676
-2.3176895893413203,42.73906230278814,108.6606953496033,403.4410160423217
1.497586376207657,33.69551591639507,108.75349415211244,406.0814073478937
1.286601759779586,35.98799194373902,109.17546338496858,409.2587174280863
1.034658303869712,34.59922897577226,109.67935029678833,412.0362433640198
0.787889619605707,33.814725054967994,110.17288766531634,413.60525120562835
0.6679799586801423,28.791576397627665,110.41270698716747,415.7566825989036
4.315433704460844,36.49336990026504,111.04745317320493,416.2124029488266
3.745529038670412,70.4700787545612,112.18726250478579,419.79119207257395
3.3620587446971513,53.49587207495247,112.95420309273231,421.66021777849727
7.18374912793071,37.03885563967765,113.37141079869323,422.33189675933477
6.629284461874271,52.79316670364415,114.48034013080611,423.13485145273887
10.125427950878866,43.6531440105332,115.59810884043772,425.1947854636792
9.533313116850508,38.81256014294962,116.78233850849443,426.7158826377557
8.84905294109791,37.693292539423965,118.15085885999963,428.95441784480704
8.361653593429352,45.25531523346967,119.12565755533674,430.3522858117193
8.09941659122444,43.925878813087024,119.65013155974657,433.0111586524846
11.724930934451763,46.840139364768646,120.7453473866237,435.5288820624531
11.18570347952685,39.0032448047225,121.82380229647353,434.39814608041434
15.431722088713087,34.74814199969023,121.73828165317977,434.5018351154001
19.38958899321527,39.23217502732018,122.22892623036901,433.94014744633387
19.256053595033364,44.06110642520488,122.49599702673282,432.68992058651435
19.270603951842446,43.9721135295097,122.46689631311466,432.8679063779047
19.34455622845499,43.468374268391756,122.31899175988957,433.8753849001406
23.72066926579972,43.035075813035604,121.97517250527055,434.7419818108529
125.46133478113225,36.29950544983973,120.43461107017761,431.38472507094696
134.77780244848324,30.44183086050566,118.477706014856,426.4240439702347
135.46320069651202,29.281717928827675,117.10690951879842,420.51285074301325
136.0474158769642,31.850276763575437,115.93847915789404,415.3757330735177
136.5608440404379,29.449833003047445,114.91162283094667,412.148535401589
136.7551066849988,31.58840161130192,114.5230975418249,407.87139818508007
136.89432687518965,37.68881674980386,114.24465716144316,403.5663284780772
133.37194258721718,39.20584250209811,113.45960552475744,400.5322769734887
138.27843693554513,32.65107550884673,111.41895204780327,398.09714052058797
139.31705175790364,33.874816044090636,109.34172240308622,395.64965945010016
140.17688764983325,39.25819073468577,107.622050619227,392.50930365370243
140.6417544275826,39.680855827993554,106.69231706372827,391.66397346708686
137.18925891306893,36.098351333061686,106.07678983783653,391.3084642020315
141.3658092078345,33.66960654015614,105.227635574797,388.6620074613509
141.31613565238993,41.47221821820497,105.3269826856861,387.95822420555476
141.64358628477473,41.117069106212966,104.67208142091654,388.66852242953877
141.9527568108039,36.79490890186105,104.05374036885821,389.872477793449
141.98867291621843,40.18620065480266,103.98190815802914,390.53556659864824
141.9157302431497,39.60433325172448,104.12779350416656,391.6993014048046
141.35530305433514,39.45927032568872,105.24864788179568,391.9894272568761
136.49460974762022,39.773244833332285,107.47207544949606,391.361478241589
134.76130390486878,46.59229451869379,110.93868713499896,392.7851708233711
132.7615607197415,46.515949505408486,114.93817350525345,392.9378608499417
126.80468659693071,50.174525165113835,119.15925241132096,393.31337887008516
108.49982666534356,51.532851757340865,124.66348364549498,398.3730978428812
117.03701694247988,53.017521232529276,131.43862330950464,403.3535989652651
94.27508932290333,55.10240788008403,136.236360776522,407.3290492245828
95.76436604345528,53.275467889723984,141.54747513512166,410.98292920530287
93.41057142927492,56.0029664800378,146.25506436348238,413.9665993302691
91.40465390309754,50.03525645945555,150.26689941583714,417.33516339121053
93.63116768413461,57.12549137602099,154.5016019257088,420.53015370197124
92.0511173424841,55.58481930260129,157.6617026090098,423.61149784881064
95.04924007068155,53.810329119710445,160.57661975581402,427.16047821459233
89.49717853190917,52.27901936902626,162.6662064786087,430.2230977159607
89.08856752359499,45.897843218741514,163.48342849523706,433.88939664177565
88.52405380426896,48.73498712691256,164.61245593388912,437.3784395719528
87.89645234656922,42.561778013002794,165.8676588492886,440.49118222936676
92.4897485948883,46.13321907791669,165.98196260133463,442.6491963482231
92.27820343586171,44.966035943732976,166.4050529193878,444.9835626165905
92.31165870783485,48.707453448074375,166.33814237544152,446.8756954674443
92.80031691249444,43.62931210373259,165.36082596612235,447.6311039785608
93.52729703495295,43.00385494220998,163.90686572120532,448.882018301606
94.18939116202176,47.009963874054904,162.5826774670677,450.25551500397466
94.41811762089893,46.68615516621895,162.12522454931337,450.90313241964657
94.83927555936408,41.75952162528458,161.28290867238306,451.3740136656598
95.57341961672111,45.85939737657449,159.814620557669,452.5481155970362
95.98037594489455,35.95666492374289,159.00070790132213,453.6256046868582
101.22484722606261,44.90545567962454,157.87635105668133,454.45719461048554
101.86053272807008,40.153587866678095,156.60498005266638,454.60492516394595
97.84623581580848,34.98236655323103,155.29860948124121,455.61240339489166
102.86848092259686,33.880226971586694,154.57962925767487,457.81668255818033
103.42378816614621,38.504173330106966,153.46901477057617,457.91257701540866
98.93948369757008,38.674302383824255,153.11276783874624,457.5723189079741
103.16664963258889,34.268497377030144,153.97193377539404,457.0704311148769
103.36298547426783,43.3323874807146,153.57926209203615,457.58676653011344
103.41760745487937,47.615954821312016,153.47001813081306,458.34186493566494
108.15975663207362,42.81134213099017,153.31670511426478,458.6201049784685
108.52615993080637,38.43742197134654,152.58389851679928,458.0358032362985
103.92326607638888,48.23672117436928,152.47926669310263,457.05804389531625
108.04513303875504,44.28458896356628,153.5301228189474,455.66771826634516
107.77531377441888,44.92450067870823,154.06976134761973,454.38789483606126
107.523249274178,45.484739910389635,154.5738903481015,453.26741637269845
107.05243487340198,50.371146453379026,155.51551914965353,452.7734765281946
106.46574891902586,45.6172435321412,156.68889105840577,452.9922805431144
110.5378297254727,40.89497049261871,157.85822506516496,453.1233310025066
110.16439325557207,45.31781426180888,158.60509800496624,453.6142885228864
114.40087295852376,49.82316465885694,159.4893715274925,453.9608206572199
113.93647305032326,39.82111468235564,160.4181713438935,455.20841930858376
118.23057505152875,40.02461568965549,161.24290151684602,454.80141729398406
122.79477305721761,43.94681380217233,161.53659963021175,456.37911519369385
122.9777340793581,38.947809279049665,161.17067758593078,456.9271662589877
127.73466391401037,34.592271545332665,161.10795896222064,456.18710068082726
133.10246889257496,43.833638152425266,159.8117835271939,456.5832365108469
133.7403826827071,35.721435275644865,158.5359559469296,453.9645583594414
134.07258987104066,40.782696630223654,157.87154157026248,453.20301005663566
135.059827512311,35.84883871246171,155.89706628772183,453.732701734751
140.32532963181313,35.60655623489163,154.67569221694012,454.2172666898912
145.3250051946482,35.98187989338078,153.9706065677651,453.4666193729129
145.23211939092437,36.57503254752589,154.15637817521278,452.28031406462264
144.65577364109396,32.66782174467775,155.30906967487354,450.8375450997326
148.9375684698671,41.945008432615765,156.0031187375643,450.79844916433063
148.21455502127003,34.25391048411953,157.44914563475845,447.64120326954134
147.47544516847626,53.917494970413884,158.927365340346,445.3178992637095
146.95507584117922,44.88149283867699,159.96810399494004,444.90068290066074
146.4000155690916,45.362755101702334,161.0782245391153,443.93815837461005
145.73689590248998,41.144958051216605,162.40446387231856,443.1099150485658
145.40274659827904,36.813478260808836,163.07276248074044,442.4969127703115
149.21927664240064,41.76003828258408,164.71895741563694,441.88304774990075
144.30735143051692,56.01584945967673,165.2426517480268,441.2718936698481
143.67156827141528,42.35801032097993,166.51421806623006,440.6850698262558
138.57925498691145,32.939988800508075,167.38353375826287,440.8904911132498
142.59132445275586,56.94054922576882,168.6932861127952,439.5588266938342
132.53612636411657,42.87577953794121,170.12705876444753,439.67343078105006
136.92417024523695,48.21556281447309,170.71665283147053,438.35954605725004
131.66232921552654,44.45550203013198,171.88296063484395,436.5222933698848
126.75669591735506,59.01307429380947,172.3423828813147,435.46268189214635
135.48530500354624,-43.20190038611267,173.57480545029262,434.30658309702727
115.37716234480939,46.51391596731193,176.39028752275755,432.52876580396975
114.80930337954359,38.07840829148827,177.52600545328914,430.65021206416793
123.70236940326157,-35.937557857916346,178.47567242421877,428.7957522160526
99.5734678676469,30.479107696796405,179.94342982627202,426.97454898032026
99.33738408895748,31.68952355326084,180.41559738365086,424.5537172673914
103.24251410980042,28.45302820633401,181.9364548621511,421.6955904410589
102.8269925596386,20.777313619758473,182.76749796247475,418.41368321239366
102.02805320252745,32.08091071474695,184.36537667669705,414.3741202312008
101.48687844582558,28.97812321438414,185.44772619010078,411.3262963861545
101.02651502506129,44.219819279983795,186.36845303162937,408.52745795403797
110.1879870757312,-28.817024954618518,186.45286253664614,407.34231757238996
92.00341078579658,3.7844901734563052,186.07029700680283,406.45479400823734
84.34923495223552,23.10705052361928,183.0419975319234,404.48297559191445
89.48123925554943,5.515815158206038,181.8645699014099,403.31912241828365
86.31285448823493,19.819527380362388,179.15232507349378,401.8587410616063
83.63187607372244,19.853615974081265,175.53411524744362,401.7905638741685
80.85705094519156,15.843585984116885,172.16829608961416,400.89515443920607
87.23338614143073,26.024951184696107,168.2587129437613,398.2185985312986
85.02091666978781,26.36128937668815,163.94844498702898,397.5459221473145
82.44359934235047,27.171997189215915,160.45406950199776,395.924506522259
96.3408463738455,36.42389093908827,158.34991917372355,394.54761484565813
98.81669441466653,28.696864156640174,153.39822309208148,392.9894687487737
96.1112599771561,12.694277516767812,150.4139211196877,391.41395863885975
96.77873738327001,9.340986272390069,149.07896630745986,389.80150733697786
102.1104505854447,19.258204944476347,146.6874597860203,386.51090975862485
102.72561676527611,8.926029723187924,145.45712742635746,382.6300693572179
103.45778870931156,14.773813815552785,143.99278353828657,379.03844087813326
108.5140607168008,20.791206459040126,141.90633074864053,375.029746816491
109.52502746318746,15.2893976464469,139.8843972558672,370.17121800710095
110.78947927535954,33.1811298369031,137.35549363152305,365.6878511180969
111.99242636417642,28.49825329092286,134.94959945388928,359.6231467637128
112.97851575561577,30.68161328582957,132.97742067101058,355.25642677389936
113.62531026372623,29.114025677206428,131.68383165478966,350.9047370485897
114.34584907022976,33.97596680839848,130.2427540417826,348.58204886759756
114.52991708053233,35.42555804763438,129.87461802117747,345.68286638912576
114.64439143574295,36.701380217963305,129.64566931075623,343.1312220484679
114.7269016273512,37.72365028216467,129.48064892753973,341.0866819200652
111.29734709850749,38.32472502708822,129.1189921497961,339.8845324302181
111.67553780339594,35.88990624265381,128.3626107400192,337.5571511374316
112.16929263252548,44.22733325729797,127.3751010817601,335.1823642224669
112.56796010859483,37.515196892297496,126.57776612962141,334.41020995199335
112.94471847162976,41.86323537355264,125.82424940355155,332.78693375099704
113.18536999896978,35.3827524113095,125.34294634887154,331.6759666688973
113.37217175833999,36.29567279523917,124.96934283013111,329.8501259010379
110.03517892899481,37.20157482436426,124.66485854210754,328.03832184278775
114.04576255017545,31.08961011862752,123.59069720874953,326.3682394362547
110.73595061846825,41.87627870646088,123.3065851966175,325.50610988722735
111.1777469783635,32.03536801901146,122.42299247682702,324.5291484222382
111.50186916548208,32.40080388988008,121.77474810258987,323.798276680501
112.0003932285862,32.99093600718078,120.7776999763816,322.6180124458996
112.27409327956562,30.379374218119068,120.23029987442277,321.0417990955241
112.679724579755,33.71788639018422,119.41903727404402,321.13166102009757
116.72559208852205,30.17515777002481,118.08085657312373,321.46356394380257
116.63792962097052,33.67623884347594,118.25618150822677,321.1955621687467
117.00577848864043,30.442754166938926,117.52048377288698,320.9290419772319
120.75059258424253,30.482319612890052,116.74724287902752,320.84991108532967
117.79565882873038,27.79977433419188,115.95583179437273,319.51372304704694
121.89698953116192,34.6839661607751,114.42102118394638,319.0810409827539
122.31578024006507,28.395429284141585,113.58343976614009,318.39035915387245
216.2071974206663,51.801918986502784,110.84773354289206,317.83916178363864
221.42921691218834,55.75344821763201,106.95497203081189,316.48738079234414
222.5378029228691,56.11327279241891,104.7378000094503,315.76773164277034
223.8621914517036,56.407016818944925,102.08902295178133,315.1802435897183
224.98363189321162,53.3320381090854,99.84614206876526,314.9768573375613
222.89310249556775,53.390813113123386,97.71799983293587,314.8593073294853
227.45641985530037,53.540263797813395,94.85964442841095,314.5604059601053
222.22749619659584,53.667427467028745,92.89519249162696,314.3060786216746
226.22463254476773,59.494388360395305,91.07200210087485,314.9943214461247
217.46218365197183,59.57916277277917,90.15629107820521,314.82477262135694
217.88088277243912,62.26298111860365,89.31889283727061,315.5845304661886
205.54228970820336,68.54275052421593,89.50617366518158,315.26994430524434
208.2060188435845,59.39806571860521,90.30025266757187,315.194702097008
192.12200557946989,43.82587961428206,91.7917585642586,315.66255367411185
194.2367823555111,55.99755967169176,93.73192688582901,315.9980810539038
196.90009759740002,8.325523789525562,94.61585600251915,318.183758811217
186.17518849211942,45.500289349125524,97.29199393493927,318.92894880458124
191.92050583815424,4.506812218717641,98.43748936532802,318.7810572694175
188.14382886771918,51.91772315669266,99.65368410423484,319.016623422917
193.96933357077216,1.4683002498919393,100.72859655485405,318.1080943827172
179.93841039323945,52.18449843312641,103.31087061652246,318.5939871898362
181.5536224208161,69.10312671729909,106.50473636862526,316.87817965777134
184.0288904107394,58.39509965446757,108.01259937929174,318.9190368118952
180.55530477477362,53.741648059924785,108.4447614746974,321.71093082445486
179.8920726641304,53.591763308187694,109.77122569598382,322.01070032792904
179.25477901977825,53.040011095395954,111.04581298468814,323.1142047535125
171.6102115189202,53.51788766901507,113.07470633660188,322.1584516062743
167.65403249361123,46.85508733849687,114.33365808682862,322.17723966652824
166.83998710207777,56.35238293469283,115.96174886989553,323.21225163402073
162.8307341183924,57.07160362371221,117.25941250775813,321.77381025598197
162.44442930773613,50.67460241154822,118.03202212907065,321.1202980938786
158.97006912770163,50.248850341507165,118.25237786282543,321.9718022339607
158.78713513689289,60.09717673850531,118.61824584444292,322.50874925788435
158.76610551761132,49.25420663596151,118.66030508300604,323.9182092552161
158.77415516514128,58.8647791840624,118.6442057879461,325.0363486017641
155.31579888876502,54.953140698926404,118.76544649218576,326.0641537235232
155.34632350548583,64.55126884858498,118.70439725874418,327.305006017469
155.50885668301098,49.681299845241,118.37933090369388,329.7288798328193
155.49435269055365,48.72919873288228,118.40833888860851,331.63308205753674
155.6509322373417,41.33121519202791,118.09517979503246,332.6579891432172
155.68210886373402,33.9824335064298,118.03282654224782,333.56656608193157
152.67736688525585,37.08048679667587,117.13597159438113,334.2767984062624
152.45905443114182,36.80999651229871,117.57259650260919,334.8177789750167
148.88426419356136,29.373572681439924,117.80633101264519,335.85893470648443
152.53093049938906,-26.862512941542008,117.44795370120315,337.37182114903493
145.44851051153876,35.24100307892246,117.71273497400718,338.26531743417496
145.56857256512305,-19.94785525684543,117.4726108668386,337.16152819310474
144.7882283300376,39.793885043561176,119.03329933700945,335.7851638152676
140.69324389218278,50.91638078377525,120.26708458033954,334.4087232319781
136.29453037018303,52.05795313028386,122.10562899441577,332.1255785389609
135.81863763739676,53.25485275635066,123.05741445998834,329.7317792868273
128.21239508802213,54.53153500366267,124.3851903277378,327.1784147922033
128.45437495668185,47.38192836636867,123.9012305904184,327.618343333288
128.62750400442516,50.980541402250196,123.55497249493175,327.34836754470916
125.4903589224414,51.92248399976859,122.9121133040832,325.4644823496724
123.06224191730584,52.984224290420116,120.88977902494373,323.3410017683693
123.99530156292306,57.187306237590775,119.0236597337093,321.7465553245863
121.49744648102117,54.49615182415357,117.26413913658747,320.37363339053513
122.15373367208856,62.15875251592547,115.95156475445268,318.45604570893175
122.46258427345526,59.244962480331225,115.33386355171928,317.63098257907745
123.13777014917042,66.22177183820438,113.98349180028896,316.9367023950356
123.33605556033152,59.672798619495694,113.58692097796678,316.84404980785513
124.01423777002256,63.28293540516921,112.2305565585847,316.210567241031
124.62297968947388,63.364817161764705,111.01307271968204,316.04680372784003
125.42919495582231,63.48215286703433,109.4006421869852,315.8121323173008
122.91583099407173,60.260665389844064,107.93134094737368,315.75907810856864
126.52360624219446,60.266873050099434,107.18429278968513,315.7466627880579
127.11954049187176,63.253054980839266,105.9924242903305,316.2289947506416
128.30048598518778,59.4962238765313,103.63053330369846,317.30286589137233
128.94005609383487,59.1433324232481,102.35139308640433,318.00864879793875
129.72040437173803,55.21643817343963,100.79069653059801,319.4640922981891
129.97231800485028,54.395900884025764,100.2868692643735,321.1051668770168
134.09313927410727,57.324950240442234,98.44948990666488,321.6513313449893
135.16332359994323,50.69358359868636,96.30912125499299,322.1579672444692
135.70366197665004,50.119294805425,95.22844450157933,323.3065448309919
135.9984002488863,52.93634803311602,94.63896795710687,324.0141577996645
135.79555588608724,52.775918834663656,95.04465668270493,324.3350161965692
138.27687812352096,56.368250125642874,96.43485073303678,323.50319213981004
134.19440326023596,47.417481968789446,98.23288180494501,322.3039724895316
133.98731789317003,41.17315405099174,98.64705253907684,322.02606206356006
136.41418622287154,44.52538514339949,100.18032847626164,321.70861247533236
138.59815988102542,38.533481307844596,102.22323405699282,320.87071435236436
137.5333923328958,58.495433807588455,104.35276915325204,319.56657338516357
136.6273165152724,55.358729589405954,106.16492078849882,319.3827442106421
135.47839560030178,59.367803001979894,108.4627626184401,317.85243001713513
137.5181211139207,56.17203157363977,110.89133942269302,317.7359450423246
136.1964699846631,52.992935037168365,113.53464168120821,317.54354046807043
134.95821496411597,53.2772826406586,116.01115172230249,316.97484526108997
133.85294703946346,56.96538333326484,118.22168757160749,316.23116944688456
133.32022153335865,46.78276876998075,119.28713858381712,316.61112210206454
132.2621334914302,57.132058489608625,121.403314667674,315.97171451048996
131.48742951213194,46.96735286530364,122.95272262627056,316.1553718782156
127.28318984615561,57.69928023241113,124.61552567724259,314.9285459869424
126.82588419230774,51.14501886789358,125.53013698493835,314.5214688026522
123.2107746769866,61.71978915771152,125.99207293419876,313.6767774671619
126.31964286137287,55.43176010752617,126.53870383997952,312.72410101842604
128.80154115178158,5.27865969185828,128.3353000424093,311.62441010105397
134.23740146366367,5.1029939338087615,131.01661829839674,311.975741617153
126.78774494996111,5.510218690608951,132.2575416868376,311.1612921035526
129.82769957573035,46.97555434957172,133.01704120741505,310.30352605101774
132.22394129499327,-0.4314792428917542,135.0649976533705,309.3514348532059
135.16651633689077,20.488121924652575,136.04266596875857,308.6891429132152
137.3342609094306,54.70900670750433,138.57762769158435,308.9518820265663
116.06339383070531,50.79128045150779,139.60625636575048,309.8684836246786
121.88057919270402,61.4800333904341,141.87233095632402,309.3416457186824
122.17668416898138,54.71937590281286,141.2801210037693,308.89835223391043
122.5799557659595,61.66592672646797,140.47357780981307,308.9362227181905
122.29620580963132,54.57902977994371,141.04107772246942,309.20621692430075
120.95117917571575,58.433359647164565,143.73113099030056,308.46332911440663
117.49870483590425,54.999441437281945,143.6340356387164,308.3291215029647
116.51234038447762,59.236852422926034,145.60676454156965,306.8526931471059
116.43980470671897,55.90494048190021,145.75183589708695,306.5052023207843
116.42379125636388,45.18578243221506,145.78386279779713,306.9171883770881
122.60149141460768,48.777905735188966,147.45914565303255,306.7482833570018
121.75981806947924,52.17778380025703,149.14249234328943,306.99057662484284
114.24785294102782,59.7240394986263,150.01671781071656,306.04777001758004
113.85917238386568,56.73619563174765,150.79407892504082,304.94720294787686
112.61208163408328,64.24227359939908,153.28826042460562,304.0823310390657
108.47763414943131,61.06798746325967,154.45301006189152,303.3267579793265
108.39425845690238,65.02635020008915,154.61976144694938,302.5232192187368
107.696785113391,61.77399940321655,156.01470813397214,301.9236410537646
107.83702854416305,62.072706932270705,155.73422127242804,301.3262259956563
107.8198111538022,65.61334015568247,155.76865605314973,301.3508824039975
111.12348336045356,62.39578428663697,156.26818951507127,300.67911626686424
114.59848130087283,55.522563746952585,156.4238061614417,300.2143322918151
114.46080274295521,58.88757400672628,156.69916327727694,300.585774093506
117.5940676245624,62.074326266470194,157.54428961444364,301.3239256743993
117.68785514300158,51.67699774248061,157.35671457756527,300.70747293809774
121.3487438668553,33.389935545941626,157.15968909889585,301.6578374859856
114.53195585021814,36.61321985423754,156.52260808594025,302.3465973925088
114.76321543090418,47.040612267755876,156.06008892456816,302.89525352140026
118.81065485314156,25.646415808475325,155.09977862461568,302.87623517282793
119.47259021601691,28.884860078769663,153.77590789886497,303.5170833469932
116.43000843298893,25.196007248294165,152.75678422931236,303.79050177233563
120.64185021136896,-3.467404876988013,151.42378416555772,304.3918580788565
128.84670146924924,0.09076195981637625,149.16693110414212,304.3519491324202
130.13443508749538,3.1908531705834093,146.59146386764982,305.18849008155934
131.34346656268002,9.613865979425924,144.17340091728056,306.35084517321974
136.61060973480764,8.28189274806698,140.618117571077,309.0147916359376
134.49476458915575,45.54757396073751,137.89423209580065,310.994762642978
140.59221472039366,-8.32713266959317,132.63580577630555,314.6970667589292
142.35407927524568,-5.7814000881773495,129.1120766666015,316.502810139225
143.57361811560432,-3.3453257610248386,126.67299898588419,318.49134351555693
144.73958113859044,-4.3400040136995415,124.34107293991198,320.48070002090634
149.49189701935893,-1.6397764162510384,121.66914022573854,321.9129438733729
150.73505690900856,38.82403902104073,119.18282044643927,322.6486226838682
152.1977807897493,47.9959862285539,116.25737268495784,324.6177903098747
157.437831856087,-27.427600277967656,112.5235587611653,327.0466227274942
162.01299857546923,-22.129315910904097,110.08633811513681,329.876279578839
162.87900926113034,-12.613694806316346,108.3543167438146,330.97180902865205
163.6748405388939,3.168260105122613,106.76265418828747,332.87179987708964
163.8484929338614,40.46487902378868,106.41534939835248,331.87454231368736
163.81705525849398,51.25386425433038,106.4782247490873,330.3065551340047
167.08476006597132,45.239170788495926,106.59169601589002,329.03818030215876
167.07678401088438,52.1397045054546,106.60764812606392,328.50300557395417
167.03120559003423,52.62122336479658,106.69880496776419,327.5399678552702
167.00986375256952,53.09383727636853,106.74148864269362,326.5947400321263
167.12164218119318,50.52141722161821,106.51793178544628,325.13861049248584
167.22388743117443,54.239266129918406,106.31344128548379,324.27908057991624
167.3812067818586,48.347453244756196,105.99880258411548,322.94231200104605
167.28223665700386,52.38905952295647,106.19674283382497,321.3945203385157
167.60001217389146,49.52676938087899,105.56119180004974,320.60206423496265
168.05611916797196,49.67076229625388,104.64897781188874,320.31407840421286
171.4938407953604,46.260136031940675,104.24683258732593,320.66203290262524
171.93293606116185,46.64499592398158,103.368642055723,319.8923131185434
172.7008217295571,50.19259986884131,101.8328707189325,319.2409028209563
173.3417405677009,43.963891948006335,100.5510330426449,318.8857078628621
170.76006232418828,44.1538084194473,99.33673478667195,318.50587491998016
170.93051446018268,41.138677623580776,98.9958305146832,318.1862679755052
167.73315105509076,41.921331915309366,99.05151413071688,316.620959392048
170.0720092785422,49.28547192451964,100.69167337062909,314.5284307472576
169.03050398741948,56.92581035319404,102.77468395287451,311.88455352345693
170.89004775732838,47.86954869372693,105.37467039369997,311.0398549004613
169.19010090028758,48.73544674216626,108.77456410778157,309.30805880358264
170.59883519629977,49.53393414319402,112.34892757959466,307.7110840015271
171.9861013981013,56.740777708176694,116.0081709117964,306.16494834317143
176.74979244796214,5.881068090806792,119.43598299641044,304.2428141032258
159.23172236937808,3.347503764915473,121.91467887748891,302.7984538997905
157.81408006839536,43.23487747508307,124.74996347945432,301.4435549194685
155.8709314690646,54.124630769995605,128.6362606781158,299.3618195150114
160.59155054992317,5.464055057729723,132.40444101594375,297.6123321929554
152.55978592630595,49.460861409768626,135.1763699592205,296.01412146460274
151.8129123155829,60.51534078806165,136.67011718066658,293.91893686527743
148.13473048096083,50.789662861081894,137.35955333156727,293.36951016420653
150.57749098666386,58.57085936874665,139.1450060778199,291.14906466419444
147.71745882905594,55.32162927330282,138.19532487104956,290.9777793330959
150.63978105633015,55.66053423777208,139.0013844423746,290.29996940415737
154.1399144453556,62.12440415060149,138.65597635108526,290.6819469520218
143.64363177513812,55.3990012287087,139.6852937551934,290.8239208382562
149.60459161966858,58.47020614363427,141.11218672422024,291.3559173374489
145.88022691065066,58.22758225213363,141.8539301701191,291.84116512045017
148.38672391311636,51.434982177198606,143.56789714115934,291.972443318377
151.26572134265723,55.07310992933259,144.56853122924443,291.4548167612758
151.20675065582807,55.2068555680238,144.6864726029027,291.1873254838934
152.21856598701794,55.729478100952264,142.66284194052298,290.14208041803647
159.76747400739904,59.56638541826766,140.99737006126446,289.18443786415753
161.7502220526685,59.81395271371588,137.0318739707255,288.6893032732611
162.76810692139992,60.31512244182008,134.99610423326268,287.6869638170527
167.4932064298531,61.01584582249845,132.09285174614143,286.28551705569595
168.69893182472367,64.56346017335511,129.6814009564003,285.6660928897343
169.83102720076946,68.39002478985364,127.41721020430872,284.43751848445095
170.93522969155714,62.252462372513946,125.20880522273339,283.9787078017618
173.82738347073166,66.02205032411257,125.74596328575649,282.7609975199367
177.10565611426398,69.42862229469341,125.50268002372243,282.2611156038056
180.46938104783692,69.30261710554225,125.07696215753967,282.5131259821079
181.38386007426686,62.50794572407747,123.24800410467978,283.5066759677054
182.38871079483252,65.3861196014451,121.2383026635485,284.03039082259403
183.80896220033446,68.2416778366644,118.39779985254458,284.57140941664113
182.5003796073686,62.1615434311901,114.80535094352896,284.3124500376949
187.59778689913895,65.59520861617227,110.75250798664419,283.5870912943865
189.3058706878651,62.478972463318286,107.33634040919186,283.76044281408565
193.22106185431116,65.59355981351646,105.50625417890411,283.53156421629365
197.1495755314271,62.52551569967824,103.6132866537062,283.7035926149361
200.65211232807752,65.6091588260565,102.54056645198835,283.46865975376255
204.12238196931492,63.12591748683627,101.50961901950367,282.5255505822129
204.48626208490924,63.61428671968022,100.78185878831502,281.54881211652497
207.5274458982073,61.32147346356416,100.54978564823276,280.28414414224335
210.3360950034085,64.59260782068108,100.76050118443405,279.5698891746132
210.02821236030093,62.436079415938764,101.3762664706492,278.06132650151056
212.7852582371784,65.55684215445976,101.6733580437861,277.63098435136044
212.21429010779926,63.10689216195871,102.81529430254439,276.720489974089
214.59873924060662,63.811700158567504,103.86436464306595,275.3108739808714
214.2316777712522,61.66665496788485,104.5984875817748,273.784301814404
217.22976056677487,61.641674995078006,104.41028429762412,273.8342617600177
214.654544723625,67.26456578185201,103.75541791503147,274.1990763242544
215.13904762780402,64.65157466135045,102.78641210667341,273.6262997792935
215.6529722973961,64.7642050551166,101.75856276748922,273.4010389917612
213.3011595551845,67.81331213323551,100.7108260008594,273.05418708657646
214.1117085274072,65.42321134990621,99.08972805641409,272.10689375794254
214.58509282630416,65.55011078379476,98.14295945862008,271.85309489016544
215.23727502499085,60.01817176726274,96.83859506124674,271.58918815022076
213.13770052039055,68.50994336645977,95.40125565912403,271.51511018579646
216.63574426628173,63.136440218156395,94.01450992967924,271.0434329577281
217.11713956835672,60.43199747590313,93.05171932552923,270.8749247701759
217.4951567589369,65.91177408712412,92.29568494436887,271.0302839465426
220.60695948676312,60.778174667922826,91.61796394346027,270.20571387545766
220.668656812262,66.43783401138128,91.49456929246253,269.92993075562833
223.58914317066632,19.620257965031755,91.16918301446529,269.80011338853365
215.41733702041904,17.007364235659225,90.98940843461301,269.5181052204964
223.6710909820888,17.34424748204617,90.98338716270804,268.8443387277225
218.15206077867185,80.96456955295932,91.03986912724442,267.8918466723175
223.34361139310198,73.15017036936621,91.61327092797362,267.08589049511954
220.7685817451134,68.15441356037346,91.2861062709743,266.12295620715196
223.63651681980917,68.56375710785537,91.00776993136466,265.30426911218814
223.99114920041944,63.26759535286607,90.29850517014413,265.0150127293305
221.5601358074697,58.09939637426896,89.73679853288931,264.5039438402161
224.7091225737027,83.18226476813192,88.84502615477183,262.99401744162736
222.1535492112477,59.24726742733944,88.58776284021431,262.5483217680043
227.531510765316,89.27234685548339,88.54656617104523,261.42915832603813
224.98335967957277,65.36673179722277,88.30219771583965,261.1743528023309
227.8281009153194,94.93572556280876,87.94529412424379,260.69473295002985
227.86592219233583,71.31307942972302,87.86965157021093,260.06696424794495
227.99735326218564,69.01599054041324,87.60678943051131,259.3522353547647
230.73217727132115,61.32990346160108,87.43106748401345,258.8426312970696
230.92485107682182,61.319866789529414,87.04571987301209,258.86270464121293
230.98677422768665,58.633770596797234,86.92187357128245,258.958193205106
236.51910145593538,88.0915615450036,86.40881843779033,258.07640758522297
234.30580484349122,64.88007435496789,85.58154569472684,257.21458825372855
237.09137160740727,62.38779934206906,85.23687786897392,256.9726725774471
237.22717632307697,59.81668416824874,84.96526843763449,256.89818878473585
239.58053069052588,60.066614753334164,85.46924020507795,256.398327614565
242.01603376309322,57.32394084261068,85.81102863474926,256.670880861206
244.47580109187473,57.61765380912075,86.1144203503872,256.08345492818586
242.0398167779104,57.5646290262261,85.76627835876354,256.18950449397516
247.0055042952709,60.452109662244226,86.26541501372466,255.62979906677998
247.09281155703775,57.93983625476426,86.09080049019101,255.4379364043781
244.74804976548148,57.829157869074734,85.56983695386089,255.65929317575714
247.30972311718597,57.91492427139936,85.65060622783895,255.4877603711079
249.91447313011574,55.261914809142624,85.64425724852566,255.59062824907514
249.8961276035075,55.35603168094066,85.68094830174216,255.40239450547907
252.20301353026932,58.33830066218121,86.26966693132164,254.64034702610104
252.0646057434834,56.003880217784896,86.54648250489343,254.1067936841644
254.52096605326034,53.344954798682835,86.83360688528805,254.22479952242003
256.6182237701915,61.33778995920267,87.84585564695747,253.85942178797563
255.94685778028534,53.37680810702432,89.18858762676979,254.12138480169585
255.50577906644116,50.53314949184738,90.07074505445817,254.5605413452903
257.4971172791086,53.82238377885464,91.35852094637227,253.25252508852472
254.8954333023431,48.398605975379695,91.28678360067892,253.54987009702597
257.35996923986426,54.28313769190919,91.63576944991735,252.3369221125285
252.71651267379605,49.163673094673456,90.38862679251042,252.04179551745662
255.23003513229105,55.04343465081931,90.6018125909744,250.76273383607304
252.74776308591697,49.99849611561085,90.34055155749876,250.4010006540424
255.1276913505354,50.347863691182155,90.79659826880807,249.7022655028998
251.96886813964335,53.108456726416634,91.90008303285126,249.3952410901717
251.4388747124723,50.69160196545545,92.96006988719336,248.99924494811518
251.34643866497237,53.582620650661966,93.14494198219322,248.46035891906126
250.6385426900335,50.83633072747797,94.56073393207097,248.7141799959147
250.55677470937457,53.664942224608325,94.72426989338882,248.32482878588337
252.45896773338873,53.919179253746364,96.18510814620656,247.8163547276073
251.62667889099177,54.28576185683741,97.8496858310005,247.0831895214252
248.16746336967134,54.34849759610718,99.46472254500262,246.95771804288566
247.58177943979905,51.82605511440096,100.63609040474718,246.67218020344768
247.44327185885356,54.8324448657347,100.91310556663817,246.0065798050115
244.28523424925982,54.85647156218637,101.88666860851245,245.95852641210817
244.65826764803222,51.97653615183128,101.14060181096764,246.35927236091123
239.6718677510771,59.75612945373763,100.41011221678029,246.85501983924496
243.27236994320657,54.11033199170275,98.55489871100679,247.45503300634377
242.9761624166098,54.01748837468122,99.1473137642003,247.64072024038683
234.6561988506981,56.77535089984457,99.78345694670489,247.4595898398331
235.13650808140844,51.79538962414922,98.8228384852842,246.73284328869497
227.61735870663642,54.48823940756995,97.91393622580571,246.66287739152767
227.52380136951848,52.61376755541117,98.10105090004163,245.11332531280007
228.2775430375354,52.55908989958702,96.59356756400781,245.22268062444837
226.24994041082823,52.60618163826564,95.39459853618575,245.12849714709114
224.23857409749962,53.13404712772764,94.1859754546323,244.07276616816713
227.59805717131783,55.88495558266075,92.66153190130008,243.76547185260506
223.13916165084086,53.49575567950686,91.25384756874159,243.38113397215665
223.93386630965708,50.745762372102604,89.66443825110917,243.74922170350055
222.15123647889362,53.16828683408011,88.12118750870492,244.01268318347672
222.70058249847443,50.03310014455613,87.02249546954326,245.19867665159273
223.2726292843438,52.37712004344124,85.8784018978046,245.59205545126332
221.15600991083133,49.52779655385004,85.04538482229549,246.22444660791177
221.71512733059126,49.52288687991279,83.92714998277566,246.23426595578627
219.64493006120483,46.94040733939386,83.02766608752654,246.3593466028022
220.1972735092852,46.88982926014137,81.92297919136581,246.46050276130717
218.07119076163622,49.3792574857346,81.1686683290909,246.48812266769357
218.56170491866158,41.06678713029385,80.18764001504022,248.1339030376239
216.52554794186517,43.0547904246087,79.26150920296496,249.15634121466226
219.29624290174678,53.21534705907223,78.71604969938882,248.81894961048374
217.09359312259912,43.6637391079458,78.14025345176871,247.99778228907482
217.33835672156016,46.48673452084017,77.65072625384664,247.3106243669227
220.49075399553755,44.455040728166864,76.28599051881767,246.43395313934343
216.0990362745759,40.1227404410768,75.264555366398,245.29368311918054
219.0759857896869,47.882505416260415,74.17804929484694,244.3763320448262
214.58159455664605,43.26974992924552,73.49825706087327,243.9332683188006
220.0341653388715,51.53138400992731,72.22394773173767,241.85624851041007
215.69818366858993,46.953379835605745,71.37114592955297,241.48749171630533
216.06443520072662,39.87180820357827,70.63864286527959,241.42666012925287
147.82570892005498,20.171923836703485,74.7645836518973,247.73855091932103
148.78063553383527,17.941609270822994,77.74748626319989,252.199180051082
134.89664696110123,12.803074726166898,80.45970016136474,257.46509649093355
141.76621490330473,12.043297570154806,82.12825645442511,264.1205481954469
146.49486445415232,9.209729600332793,83.19309088635806,269.7876841350909
