365.5,377.5,34.0,103.0
365.4968232666364,375.34564527915796,33.0063534667272,102.13280775745946
365.80865235804976,374.8806916826308,32.38269528390049,101.00532180147775
365.94879105071385,375.29162329674136,32.102417898572334,100.1834585732567
366.17320350386547,374.5578427863442,31.653592992269054,99.63793103784091
365.2323797525931,374.00034104566885,31.53815682980355,98.75585085418136
365.2204845683498,372.5573191436892,31.56194719829021,97.67702019725324
365.2854884218808,371.03950784775043,31.431939491228174,96.77753647997181
364.4210654952043,371.423369499983,31.208400444128017,96.00981317550674
364.4681766542909,369.8292642273516,31.114178125954737,95.32328233765912
364.75824229905817,369.08393047763536,30.534046836420252,94.88806608010776
363.99438411834524,368.0594625955335,30.152718093337977,95.02795673980334
365.04558640143193,366.9990254846684,29.954328179738205,95.24481630895994
364.0758694956555,366.01190415785834,29.990326288762787,95.31562326005172
364.083518585541,364.92475430381785,29.975028108991758,95.58481906266515
363.14993255495773,364.8252345439093,29.933559928693967,95.78385858248225
363.2550839493044,364.68788115884684,29.72325714000072,96.05856535260719
363.3332895204072,364.3002130519486,29.566845997795035,96.83390156640358
363.25064900779313,363.0272524923464,29.732127023023175,97.46102118664993
363.1858182701071,362.67413916461294,29.86178849839524,98.16724784211682
362.2148633327793,361.4881036408722,29.860553035773243,98.59617355232069
362.0773344070863,361.38387370334533,30.13561088715925,98.80463342737443
362.24577349254713,360.45062309875175,29.79873271623762,98.7138926508465
361.3285259842992,360.4890163655143,29.683511400020272,98.6371061173213
362.27912097058214,359.4648204026034,29.728814516577394,98.73900495402016
360.4393826113046,359.5355191797588,29.51074041533099,98.59760739970926
361.4747825776746,358.6100653037781,29.382669373621283,98.50578626064058
360.56999906601294,357.9093290930586,29.25318390953174,97.96820619466651
360.63678019564526,357.1036271294111,29.119621650267074,97.6505666705602
359.69669348140127,356.54510694367764,29.07772489721504,96.84553686048721
359.6361822966486,356.9142611121339,29.198747266720403,96.10722852357463
359.5800501787738,355.4209615797414,29.311011502470034,95.29043816924226
359.69336134567703,354.149564511386,29.084389168663492,94.04882599619461
359.6733099519323,352.58736995655124,29.124491956152937,93.43237715185134
359.5891749122921,352.7715247277565,29.292762035433377,93.06406760944085
359.5299820042001,352.0706274833606,29.411147851617322,92.60556033496833
358.5867694707764,351.21968350605493,29.441595841387667,92.45147121250258
358.5541991729858,350.3653736662383,29.506736436968858,92.30574037668691
358.5579962084392,350.13913408231167,29.49914236606211,92.75821954454028
358.6012280837273,349.23364672429534,29.412678615485948,92.70943009399733
359.6636407809086,349.2014792175309,29.145332684843254,92.7737651075262
358.83941602036384,348.9657542659844,28.9403170349894,93.24521501061923
358.91328050618705,348.7470822264688,28.79258806334302,93.68255908965038
359.0259205984748,347.78184731024817,28.567307878767593,93.75319476413691
359.1292127130827,348.56055930741104,28.36072364955168,94.05243666187297
359.2683129898766,347.38013154448606,28.082523095963936,94.55621719829712
359.35410064645544,346.2924717964625,27.910947782806247,94.87249690951305
359.4197033760576,347.2136853227277,27.77974232360193,94.89039249132274
359.4531034592273,346.1561160584171,27.712942157262585,95.14739662368359
359.5592862446274,345.1912616580072,27.500576586462373,95.21658287465604
359.67841826658577,344.3416727431902,27.262312542545583,95.05821801580174
358.7967730620484,345.33645142008714,27.174740823185736,94.91952279044256
359.76602096067006,343.7086469822028,27.083514651156555,94.48059241578288
358.83105364325564,342.83042726860856,27.114079166514678,94.3976617235007
359.7518758833286,341.4700307119071,27.111204209572648,93.44091579049586
359.6755456007825,340.6968079008313,27.26386477466469,93.16215804178486
359.6016155888367,340.17758175385643,27.41172479855638,92.37650280869599
359.6033257480438,339.54933294895636,27.40830448014217,91.81725075634814
359.42825991048795,338.8756768580915,27.758436155253868,91.35678735491527
359.2956929614157,337.1993401962702,28.023570053398473,91.09395835446256
358.1881317847872,335.7596926131405,28.429757143508304,90.35538299442773
358.87224126399275,335.181630752235,28.867502616884614,89.70554228445121
358.75182484619006,333.9061399315389,29.108335452489953,88.64692529632032
358.61359105634034,333.5409080532644,29.38480303218943,87.58321267202551
357.6607973840543,333.15658345103486,29.50628693125885,86.56775843098193
357.5402088026045,332.7037680410748,29.747464094158403,85.70153056641303
357.52040264154357,331.9585871618635,29.787076416280392,85.42798934972367
357.41473249685004,331.93054154870055,29.998416705667385,85.48408057604959
357.39554348626007,330.9752689680097,30.036794726847337,85.62926210300132
356.4269725528977,331.6975810899565,30.205803181119318,85.95277127156048
355.4943139858872,330.0917231266404,30.295297867091755,85.6128423020954
356.3322707569814,330.89505151955024,30.39197825044005,85.77877944181238
355.47862303558446,330.2569365042789,30.322555088894667,85.27829086801583
355.48988971122867,330.21914446462523,30.300021737606222,85.35387494732308
355.4998734559028,329.3381645996584,30.280054248258054,85.34685386705823
355.46322954880014,328.3535018172279,30.353342062463266,85.54766120708416
355.5961147324714,328.1794446626359,30.087571695120857,85.89577551626812
355.74125300971843,326.9648487646731,29.79729514062673,86.55210697591683
354.9267552814456,328.3303348941136,29.649349671257497,87.37501656886546
356.03611417946155,325.466383011905,29.216603007665782,87.74500693596214
355.195901373068,325.63171855746214,29.113698790566026,87.4143358448479
354.4043592069886,324.7380800937028,28.92004209587666,87.42487174551826
355.4259027748129,323.8353715157842,28.650300448287343,87.45694341329622
354.6599607872224,324.56535797365115,28.413326663522035,87.7658282575086
355.59711352735104,322.76694614687597,28.30791956074418,87.82485515610028
355.7289189246736,322.8653196942963,28.04430876609904,87.62810806125957
354.9505643875338,321.9851334555803,27.840859103964526,87.62832180227747
355.83206332159796,321.450916193863,27.834278418104677,86.94033914344358
354.95163421806,320.68356913564867,27.848607425178784,86.72850405987043
355.7997491820604,319.2145623168945,27.89616207491784,86.17894854189936
355.8877289438188,320.1422104704412,27.72020255140106,86.06050448207645
356.05778540381226,319.34520133740926,27.38008963141405,85.92258637735185
356.1571238276001,318.40293822553355,27.18141278383836,86.08339070822902
356.3153261361872,318.5708425904956,26.865008166664268,85.74758197830491
357.26866787863344,317.62572267207213,26.670071675082525,85.92607482184098
356.4648353603839,315.70230824782413,26.567057274173127,86.35154479552011
356.46668287451723,316.2882987219554,26.563362245906568,86.8943693366017
357.2352792987944,314.31278431891224,26.748596565023853,87.40054380734476
356.30487135687434,314.20437908823516,26.87638744139062,87.61735426869889
357.08614199396897,314.0181044749599,27.052306923225267,87.98990349524945
357.0925345074615,313.93210457617926,27.039521896240224,88.16190329281069
357.009797742447,313.1515401300191,27.204995426269214,87.97383898466718
357.0288397153932,312.06814127133157,27.16691148037679,88.3910487726005
357.820964253171,310.97032584208773,27.337458384277078,88.83188365163238
358.64074088959603,310.990951379854,27.46210113538959,88.79063257609985
358.53329944031526,309.9783733339364,27.676984033951143,89.04987313741955
358.4248382088459,309.16975103025845,27.89390649688977,88.89355787409531
360.0411969512335,308.39272821552856,28.21188262073296,88.67225669924606
359.0092989618494,308.2820414001968,28.497612317990903,88.8936303299096
358.83639357611395,307.4205548262021,28.843423089461908,88.83013633844536
360.609113795691,306.62230673597384,28.88182292485642,88.63471238162745
360.5302174055131,306.8674782337868,29.039615705212213,88.14436938600146
359.6010696920093,306.14047221169506,29.112141063757797,87.81261136172294
360.4562560432542,305.3181487466276,29.184147890861944,87.67487876226377
360.5020349927671,304.5797660597082,29.09258999183611,87.36990620771064
362.2256145647959,304.70755479021176,29.19687579839003,87.11432874670356
362.1279860174286,305.8356326651618,29.3921328931245,86.63216539619594
363.0123731764699,304.2860607480402,29.394051750497493,86.189922879528
362.184389382874,305.2374228757854,29.28559225978308,86.05162570194383
363.1458480088396,304.4466673752679,29.123152668711437,85.87265904211921
364.21137226721453,303.64241623468786,28.74706736034029,85.72619811490061
364.2554843431319,302.76190542883234,28.65884320850558,85.74121301298564
365.1459584151202,302.5070648379103,28.622502168439787,86.25089419482967
366.0425393718983,302.353432837249,28.58053546953154,86.55815819615233
365.19025404132054,302.1930305873308,28.530308443733936,86.87896269598875
366.1689721704478,302.1094257505265,28.33131169045271,87.04617236959729
366.26378163949715,301.9854452613854,28.14169275235392,87.29413334787955
367.079678365931,300.8489629276783,28.26710563522297,87.80989167955705
367.0472081119424,299.8562929877828,28.332046143200138,88.02839411852716
367.1402849160168,299.7131025103679,28.145892535051313,88.31477507335688
368.13226561516217,298.8432913535961,27.93370810487201,88.2826204187891
368.21175796145786,298.72309810813465,27.77472341228062,88.52300690971194
368.36713552680726,298.6787205839339,27.463968281581828,88.61176195811342
369.25935849861645,296.943983766291,27.44293709093506,88.55440608745596
370.1164105241043,296.7614337384231,27.49104625855488,88.91950614319188
370.89532879569526,295.0566820561963,27.70148665788239,88.79245562262678
371.4834026040735,295.0566571761981,28.29570161299734,88.7925053826232
371.30118711845853,294.31944813740324,28.660132584227334,88.48560721047237
372.1452994659179,294.4951362845491,28.755566427958705,88.13423091618066
372.14924336386144,292.2020032061646,28.747678632071647,87.3792459231147
373.1760928441503,292.97822667312374,28.463518036897163,87.59633735459963
374.21487753429227,293.297109597234,28.153360373199625,86.95857150637914
374.3390316917903,292.5379410288775,27.905052058203502,86.7242550640778
375.64870446769226,291.74099201049637,27.030468532952447,86.57339107428729
375.9528497648039,289.8953100986611,26.42217793872919,86.81173232604941
377.3206235042589,287.9987778904513,25.40527352507707,87.16751061195316
377.6177549822577,286.28836977531427,24.811010569079542,87.17874335000707
378.7893333217275,285.81261754813147,24.161720785855195,88.13024780437257
379.06717901241,284.65481947267784,23.606029404490222,88.75071681104359
379.6776825120853,286.0888088856811,24.078436053679738,89.26956528211757
380.7615236369638,284.56104969269325,25.329970025191137,88.90586744682494
381.74054343463354,283.4358782223004,26.827803972500064,89.42827361628633
384.07414956750773,283.04470012856825,29.21339528559387,90.21062980375063
384.0770917539086,283.6830857431938,31.02584140444646,90.7521890661539
383.4464490649344,282.41221389421776,32.28712678239485,91.43472577113701
382.8550584227291,280.6805743044614,33.46990806680554,93.00611066717391
382.6487546438179,278.7380780159808,33.882515624627935,94.9553092797313
382.6517138486629,278.0007212117474,33.876597214937895,96.43002288819805
382.70011968356744,276.23749102517183,33.77978554512882,97.96439882763258
382.7930846226227,276.92272453015306,33.593855667018275,98.60614660806833
382.79641467610656,277.330607748949,33.5871955600505,99.80835329697254
382.783581737669,276.5612887009852,33.6128614369256,99.31201530859919
381.7015165967619,273.63028259773444,33.74861541968873,101.11727491699847
381.73235628144596,273.2631893254449,33.68693605032064,101.85146146157753
382.8587257436698,272.30000989670083,33.50007576819688,99.64606303441762
384.2490071116466,275.3262281918966,32.75058613538917,97.65577265031803
384.4361395346969,277.58321309159805,32.37632128928866,95.13083892851066
386.691920150945,277.68839481797903,31.75723812227459,92.97423644300758
387.9572781402299,278.2726259909508,31.130735961163968,91.80577409706403
390.34766865267846,276.91603059088334,30.102221509628944,90.7666983238368
394.578298698515,276.3095183826679,29.01110775183355,90.13718615679836
395.94741403625244,276.4807158044542,28.086447116068175,89.79479131322576
397.27753560041305,277.54334339878784,27.217884767573103,89.46121690438466
398.29886093567444,276.73940698939697,26.946131900382575,89.29819191983401
398.1785667695031,277.912964207718,27.1867202327253,88.7146318820169
399.1960523070954,277.8945150167234,26.911495843726044,88.75153026400608
399.8904556443304,277.2169573212352,27.27786278488812,88.35147203935031
400.6539298664971,276.5931634083894,27.507200915854682,87.84277328974196
401.6088753298356,277.6823474805115,27.350619834068784,87.41771499038889
402.46622790846135,276.951992942228,27.380307335302522,87.13403140847063
403.37036999544614,277.9358033640309,27.312939865540592,86.90732726907248
403.38134180669226,277.8617405758607,27.290996243048266,87.05545284541282
404.2564571703229,277.7719065086753,27.27892040801813,87.23512097978369
405.05087031867004,276.9190218354925,27.430574302173724,87.20041013529946
405.8269873834907,276.86669729254646,27.621125395848246,87.30505922119153
404.83400917281324,276.0741079152293,27.859299688333714,87.14245584695644
405.62602316877894,276.14424131939734,28.025131039051576,87.00218903862043
406.5011135630764,275.59239059320515,28.02586728584055,86.35497345562077
407.3696534421141,274.7499050526242,28.03052305566878,86.29820900887913
408.1976758132852,274.8105399424783,28.115492686659003,86.17693922917094
409.07821682552157,274.0083548490423,28.095261138768596,86.04045893946042
410.0120765052882,273.3293980173872,27.96608102828894,85.65983335371709
410.95817266189545,272.7737429797487,27.804647253242095,85.04038489082626
410.96415528768034,272.808560992147,27.792682001672347,84.97074886602971
411.9592603751791,272.1467806566128,27.52025353913082,84.57652782464206
412.820386693146,271.27103994279923,27.505180040597388,84.62083011486891
412.88448075003345,270.0132374825606,27.37699192682251,83.72137097070589
413.9181526688979,270.22986570714517,27.00204310044945,83.28811452153685
415.8352840600185,269.5570644311035,26.526490764774753,82.95436185033687
416.8584694465889,268.4079537255939,26.145993102358652,83.58671015063146
417.0273562582552,268.02840226480424,25.80821947902602,84.34581307221083
417.9229321409737,266.9930309793463,25.68942030859653,84.74420304811922
418.8232834660567,266.15585518546783,25.564512324124927,84.74275997018175
419.775022890029,265.3926655726375,25.33449269674296,84.59567997527978
420.6428487732067,264.8764042734933,25.265952178331887,83.96109132562391
419.75407766596305,264.43349021588244,25.386634786767498,83.19005983479389
421.3212408849936,264.6967356217916,25.548667346610504,82.66356902297554
421.18124111470877,263.9662072983599,25.828666887180155,82.4809083252681
421.91139181455173,264.1488156727528,26.01466344733822,82.11569157648229
423.55422926866163,264.3383030674681,26.0180797868381,81.73671678705169
422.7725665931787,263.88386140192813,25.942175408821356,81.0063703891488
424.55807579510395,263.4353299005154,25.62608502948329,80.27596937971802
425.49934108449935,262.69216683538167,25.35483225818252,80.15101770249545
424.8752766271382,262.8387061278059,24.998451679664868,79.85793911764699
426.63495930684854,262.6144986595485,24.666648460320776,80.3063540541618
427.4880917570109,261.772582874173,24.55439142366651,80.39617776124228
427.47047472326204,261.58607140428893,24.589625491164227,80.76920070101043
428.26889468407313,260.5327059356241,24.59192400774417,81.2767932001379
428.3042597617543,260.27953296834386,24.521193852381845,81.7831391346984
429.1156834487804,259.3099863797957,24.510569507458662,82.11000928266587
429.92398242309355,258.0685126629247,24.510622160598395,82.9763061146417
429.9030955272051,258.6945699999826,24.55239595237521,83.35309528061403
430.71541334113266,257.8556077974999,24.562768133984797,83.39601187611478
430.5241638900974,257.9168490021647,24.94526703605533,83.27352946678516
431.2472580601538,257.0806208707118,25.140259431254336,83.30480499437924
431.9093420713543,257.7882856747755,25.461331409232567,83.534715386631
430.888279424594,257.27809423105157,25.849013098163887,82.90065466948961
431.4189241601614,257.54749506904017,26.440349378307186,82.36185299351247
432.00811318710805,257.5897137329005,26.917846365735944,82.27741566579178
432.67032997178876,256.8395114453457,27.256857823275105,82.11437521400075
432.5656600010183,255.70083205541442,27.466197764816066,82.72439522998138
432.4497244533244,255.4458881750456,27.698068860203925,83.23428299071901
432.3534893882798,255.3667984713316,27.890538990293102,83.392462398147
432.2739524676101,254.4762761495454,28.049612831632444,83.47638423825512
432.2263361475201,253.3145715491257,28.144845471812474,84.09856746215559
432.17144833712416,254.05563000099067,28.254621092604395,84.32827527248853
432.1199369803764,253.09269311136478,28.357643806099837,84.53704700838702
432.9318194451483,252.95635772402525,28.45583664027611,84.8097177830661
432.9879958925432,252.03849687891835,28.343483745486196,84.91780463411905
433.0294447955374,252.16792351597115,28.260585939497787,84.65895136001348
433.8496368301051,252.26056037117922,28.34211989210702,84.4736776495973
433.8425466374626,251.5091429129666,28.35630027739207,84.25574077773268
434.76743616770256,250.87667142095984,28.22444920283892,83.80275577581935
434.8968418568343,249.95981959779095,27.965637824575403,83.92739109984328
434.9692183708161,249.14664409979923,27.820884796611864,83.84763198894258
435.7232839837231,247.7219038278666,28.015079248791274,83.29246117682106
436.5726768913536,247.19839510776973,28.01426947958023,82.64150257096492
436.59703169710866,246.68166840667254,27.965559868069995,81.98626567275026
435.864587004654,245.29141538704766,27.751983543199938,81.40984029244136
436.8711557091806,244.44611618277827,27.405201625948877,81.43408320917807
437.9195393419907,243.73267140131964,26.968803467443493,81.20060366498048
438.1343864755358,245.57073587604174,26.539109200353316,80.822602603854
438.31487440703734,244.65464375348367,26.17813333735021,81.01897166589941
438.50101726640037,243.70869892965032,25.8058476186242,81.27888042203004
439.46756432144576,243.70925986093073,25.501576953912384,81.27775855946925
439.61217036436864,242.94542944900488,25.212364868066608,81.18221966400101
438.94862316919097,242.35312327675496,24.92295228740469,80.75032503748358
439.0300615358602,243.23168501883163,24.760075554066148,80.59823947511623
439.9188059955093,243.2495624743957,24.58245793347531,80.56248456398806
440.7482524505479,241.69141944766014,24.519643210896483,80.4866142424625
439.8812083353053,241.8992417079358,24.65989071406345,80.07096972191118
439.8702261256146,241.85516419936937,24.681855133444905,80.15912473904407
440.71371639730387,241.87445724414945,24.587077614745088,80.12053864948388
440.7834294529807,241.09683544136527,24.447651503391345,80.08587877890838
440.7874073083551,240.37294444075627,24.43969579264261,79.94682830889394
441.5897278558934,240.53207052115934,24.419770427338836,79.62857614808779
442.45703170769013,239.92426483168856,24.26500155191611,79.26434869885847
442.45138986224185,239.36812246435488,24.276285242812776,78.8048178171922
442.47609304571,238.4975205995171,24.226878875876466,78.98050771669713
442.3342630667079,238.55109492551549,24.510538833880624,78.87335906470037
442.2888304887025,237.10239964531473,24.601403989891438,78.62912173208474
442.35721549999795,237.23050253033801,24.464633967300507,78.3729159620382
443.98296279548606,236.53624275438455,24.338881402055314,78.19856450107964
443.14377927551357,235.12220703103418,24.459171006847626,77.9104810774751
444.7035810266064,234.8312663417534,24.451991339058093,78.4923624560366
443.93829606757083,233.93936112151513,24.41822996778161,78.71184160716558
444.6904554004062,234.61782493538055,24.480730638812574,78.92173331613651
443.91000408674824,233.65636544543435,24.470684134949806,79.27370316485018
443.78173233834144,232.67889778640296,24.727227631763373,79.65288639302935
443.6706377059046,232.53968768340417,24.949416896637082,79.9313065990269
444.45089618496024,232.3596635647657,24.982816555214633,80.29135483630384
445.222939822317,232.3549486133457,25.038367512315467,80.30078473914386
444.37951204197634,231.39438540014675,25.124425538830035,80.62111363137487
444.3386540850384,230.65146054631464,25.206141452705886,80.50003521936685
444.165589860414,231.40410884635617,25.552269901954652,80.60145788770897
444.9869879203033,231.31402592925667,25.524012680581883,80.78162372190799
444.99989213027857,231.21817119460505,25.49820426063134,80.97333319121122
444.25524075516483,230.25503781188254,25.368687823684226,81.28078076948164
444.15219414434824,230.20728792783,25.574781045317472,81.37628053758667
445.01084049777546,229.51673472762488,25.483435621207043,81.1314396552529
444.2803446855446,229.64293200091095,25.323637538048505,80.87904510868077
445.1678541603078,228.16214208542942,25.1628808463916,80.61210042390476
444.43403897386156,228.98108948684325,25.023001047768446,80.58171579259285
445.3275967778996,227.6603524739953,24.840382152839673,80.01419639199393
444.5921147852866,227.11850802361187,24.71826751955637,79.50480667425145
444.55925668092334,226.44501328850532,24.783983728282763,79.26819411311132
444.640822220813,226.70249199193006,24.62085264850353,78.75323670626187
444.73307124467266,226.05680954271747,24.436354600784178,78.47345438384647
445.5503465009775,224.73695641642865,24.36557860006561,77.98561161264182
444.6928774497793,224.1658491358362,24.52496594810109,77.57227541946574
444.8269252700235,223.80268800125822,24.256870307612758,76.74597096432095
445.77625050539575,223.83833630314575,23.8941815890214,76.67467436054588
444.2343903477916,222.86665317062852,23.921379833330075,77.08977959013058
445.059479398801,222.9363659346568,23.805849997926597,76.95035406207396
445.8778526363685,223.8085323820227,23.69964109128322,76.73655873583391
445.0727987168189,222.79361881030314,23.784204225770473,77.24084117466114
445.92073464432923,222.60940968296762,23.622586453916604,77.60925942933216
445.92982123446575,221.7584574855619,23.604413273643576,77.77468153323002
445.1473326643395,220.96815369087588,23.630902326713354,77.81680103541937
445.2383255587096,220.81663995320483,23.448916537973055,78.11982851076145
446.0495411972509,221.3436537057152,23.36697624911121,78.60629199396132
446.03700288090107,220.3778314709147,23.392052881810805,78.99208431693151
445.12811028640357,219.63056780257958,23.658063878578613,78.93483746137446
444.99236674107357,220.3880259560171,23.92955096923852,78.9758253099484
445.81639354230947,220.464645702181,23.84301561410464,78.82258581762055
445.7493177175053,220.55255083961475,23.977167263713,78.64677554275305
445.7080747522926,220.57551008733176,24.05965319413836,78.60085704731905
445.73703059699466,219.8264977363488,24.001741504734266,78.54026456482066
445.5971954000427,218.48015044158757,24.281411898638062,78.11958481650655
445.5165789010907,217.78296220745443,24.44264489654209,77.9580647856699
445.5284939057195,217.88277372476676,24.41881488728464,77.75844175104518
445.6034435077751,216.4776892805415,24.268915683173347,77.46198854705507
445.66311319724343,216.7694599223023,24.149576304236724,76.87844726353347
446.50811474175157,214.55551788194097,23.995436517581364,76.69874143717357
446.51107019214874,214.90073650589514,23.989525616787006,76.00830418926525
446.55178095817934,214.3105436425898,23.908104084725792,75.66812164128079
445.0936222608079,212.83602801410075,23.79593951322311,75.58867093201329
446.6712096989527,212.94587743327116,23.662857267908404,75.3689720936724
446.59357777807105,212.0589632084595,23.818121109671612,75.63732475475135
445.8440893717515,211.18833577302468,23.80495243392373,75.86643413723401
446.66835495495576,210.91420701420535,23.67157389271319,76.41469165487268
446.6377028212454,210.0860238290613,23.732878160133936,76.55059382659614
445.77224576110376,209.84540897447678,23.94026916155873,77.03182353576518
446.53561286416925,210.1806356741946,23.947710512936503,77.89554569383829
446.5159514070716,209.46057541932302,23.987033427131834,77.78911196217695
446.5199098345186,209.51868399715093,23.979116572237793,77.67289480652113
446.48137794824726,209.52128470048513,24.056180344780515,77.66769339985274
446.35973223032573,209.41441129659265,24.299471780623563,77.88144020763771
445.4758938061907,209.1940325219756,24.51429514458323,78.32219775687176
446.28742011720146,209.773049238946,24.454310743116583,78.72723254348594
445.58861301676194,209.15006563828183,24.284220995583688,78.40549579640239
446.396739687173,208.9909280599847,24.227968945500542,78.72377095299663
446.37073013305775,208.2016931372311,24.279988053731017,78.73876875738313
445.56347293064334,207.48809456726644,24.329856113177474,78.60131955193017
446.3582042745463,208.2987337994164,24.30401348114063,78.54366114339939
445.5652870582764,207.12221650117087,24.327522596782764,77.77204510609494
445.4992666746116,206.11700973062358,24.45956336411239,76.67881888009612
445.4521992796738,206.01831031040825,24.553698153987938,75.33747630580612
445.37452233597037,205.80461963272143,24.709052041394834,74.24343980008943
446.18472975264126,205.22011603535486,24.59734315227632,73.90374105059928
446.330633486024,204.23340359426678,24.30553568551081,74.3753383837841
445.62150695541305,203.42370558004075,24.22060068887517,74.49154635437867
446.5411291994172,204.16194309833935,23.88463725329519,74.51835237020973
446.6779376722203,202.7722268123482,23.61102030768899,74.30280824958535
446.66698843306006,201.2669608693809,23.63291878600947,74.33455454403608
446.6844294574908,201.39228832563805,23.598036737147936,74.08389963152185
447.4919133929288,201.39699913646422,23.469115326726758,74.07447800986948
447.48043888385456,201.3851587022204,23.492064344875203,74.09815887835715
447.4710623676462,200.57639796126028,23.5108173772919,74.23138286371984
447.4840865630854,198.94695477549766,23.484768986413542,74.51720208241153
446.6948651750404,198.88514040695162,23.573102679446308,74.6408308195036
446.6971704315627,198.3506882415084,23.568492166401562,74.21624390711426
447.5891274874999,198.27444200263403,23.27195907253577,74.36873638486297
446.79545933978324,197.4961985771045,23.375216951542235,74.44114481949516
447.5993798138507,196.68589699747815,23.25438619212492,74.5747377900302
446.76298245510696,196.5437056401987,23.44050560749581,74.85912050458911
447.6581631611527,196.33236514828434,23.144287016552884,75.28180148841784
446.91781444734903,196.91419123351093,23.130321626971863,75.61281213515298
448.5707697586343,195.8227008696371,22.822598567385985,76.29669908140833
448.63442361551324,195.74137578002103,22.695290853628077,76.45934926064044
448.6675272587374,195.79861172517928,22.62908356717976,76.34487737032399
448.67346827113136,193.89654667763716,22.617201542391907,75.64852740726886
449.25910553046623,194.85685654985258,22.936016474338444,75.21799711345435
449.17826679294205,194.86238464623028,23.09769394938673,75.20694092069894
449.17264037527855,194.87908889207182,23.10894678471377,75.17353242901586
449.8706860021952,194.42907121278205,23.205330752372497,74.58109256610334
449.838816384641,193.97752574576185,23.269069987480854,73.99832377566705
449.76168629204886,194.3826048238844,23.42333017266516,73.1881656194219
450.4464479248554,193.01667975676398,23.523921403108176,72.97978676155054
450.33384730965713,193.13484592540678,23.74912263350475,72.74345442426493
450.15745609970054,192.53964124992572,24.10190505341795,72.46408165514113
450.07898339308224,192.57931442185287,24.258850466654557,72.38473531128683
449.4034486581131,192.5810598042324,24.135904401058802,72.38124454652774
450.9027450445261,190.9266264991412,24.08074583040323,72.7466769545398
450.9019833592669,190.8479896365301,24.082269200921598,72.90395067976203
451.5837021345108,190.68262287182594,24.197003805450976,73.23468420917031
450.6870656020668,190.8003203021807,24.505298430816673,72.99928934846079
451.39871195572334,190.78003666099733,24.569276018558966,73.03985663082754
451.44384511287296,190.00865451844942,24.479009704259695,73.09360365025114
451.4331601306251,190.5941491393305,24.500379668755553,73.41074674009398
451.4784025074196,189.8102461100646,24.409894915166404,73.48551543767434
451.53464965265175,190.3418970564731,24.297400624702195,73.91465900424572
451.600042181516,189.61523172548732,24.16661556697361,73.87150066145273
452.441416931578,188.95077765301875,23.977343180013968,73.7069316932257
452.5057112956401,188.14013082186057,23.8487544518897,73.84056060897227
452.5096149284125,188.57311364344974,23.84094718634492,74.46179683034131
452.48560918987704,187.8020664280725,23.888958663415778,74.50800964121221
452.50581451891753,187.14094437822757,23.848548005334845,74.33283278314697
451.6518165861621,186.58328976127518,24.062353764154572,73.95395191036059
452.3890954831987,186.4491944866466,24.080531871578586,74.22214245961779
452.3927579908563,184.95934420674135,24.073206856263393,74.20808126140997
452.344937372802,186.00487431888533,24.168848092371917,73.61356759686275
452.2524231723408,185.1265704668524,24.35387649329441,72.390473661909
452.2552356850946,183.59032509850988,24.34825146778679,71.0354615505369
453.08384341430553,185.64626771409712,24.14746320903647,69.83643071870563
451.7968985775001,185.10931113598292,23.850006586218367,69.4746707267195
453.325909910732,184.7574951905993,23.642176265029608,68.75320644484927
452.70941444217806,184.0845437602876,23.46414397685511,68.68808608019027
453.54666165884726,183.48741478871372,23.196499059749037,68.47549450710567
453.5683398971461,182.85093199264406,23.153142583151457,68.34952357967472
452.8560925355061,183.97899614177726,23.181286811224446,68.8860962718222
453.71772063343917,183.91073526265137,22.862537027047495,69.02261803007397
453.82584666872503,183.7557357782622,22.646284956475725,69.33261699885234
453.91693760017915,183.82253101178858,22.464103093567427,69.19902653179959
453.9944051379171,183.78354342210542,22.30916801809154,69.27700171116592
454.01880300342134,183.9532897818555,22.260372287083136,68.93750899166577
454.815077324163,185.22782646804507,22.05618610540504,69.16516053889687
454.2117809622012,179.59856661493586,21.874938469035108,69.32095736276716
454.9312779693156,182.3198578129253,21.82265768590546,69.4252278911852
455.00989977719763,182.95615803812169,21.665414070141445,69.53985610267392
455.7207137511106,181.69438746330712,21.62973911918991,69.29149125855398
455.6683005081241,183.1338904400873,21.73456560516292,69.17603097635327
455.70378354293496,181.92123644010152,21.66359953554126,68.83720037898628
455.000103700739,182.6993701171548,21.695004976872486,68.65688726794043
456.38797167569766,180.7667052904253,21.667218818875217,68.40029223351942
456.4232741972898,180.7956607074812,21.596613775690884,68.34238139940763
456.4103534227109,181.28433552323798,21.622455324848723,68.73273095548873
457.120591245213,180.72749801729788,21.575693309536522,68.47269233767692
457.7759442908981,184.7651404238966,21.634149698300575,68.6123824052849
456.39181550320814,181.09506411004426,21.65796353225656,69.09142567942969
457.1665382659893,180.8689119174969,21.48797440200008,69.54373006452441
457.85074284045754,180.61194697171257,21.502295536064434,70.05765995609308
457.79557725617184,179.608219255327,21.612626704635918,70.67483803322308
456.96384948987003,177.4788077345709,21.87502057742601,70.73047609529458
458.3520478273511,176.3635139433651,21.912028858737767,70.14765872143217
459.02040662903374,177.58881438129842,21.97443474920941,70.49530483323936
457.55680965014324,176.20998118523437,22.091218922887037,70.44256144126405
458.2117584243166,175.57787800995902,22.18793334632622,70.30015582002885
458.18563522898955,173.0184141603338,22.240179736980338,69.79358330268278
458.87981863057576,172.81098130447893,22.25196101695445,70.20844901439256
457.49291582463377,174.2434329527484,22.21325968868865,70.15605265800326
458.876887283929,172.36652013494643,22.254910709709506,69.69548738419032
458.93092229926714,171.88281077470953,22.14684067903324,70.66290610466412
458.22428392745417,172.97016528730398,22.149354216677636,71.30972349143822
458.86464439493506,170.97677872103733,22.288614491995105,71.03655299313412
458.19202609126205,171.47819644798716,22.21517313745156,71.45239550112402
458.85325140511515,172.0283958486394,22.315941862426286,71.7752160525004
459.56912673059566,171.92989860941523,22.313848047028767,71.97221053094874
459.6069592647994,171.0380658600221,22.238182978621207,72.32346529651119
459.6043685189028,170.06783773647877,22.243364470414416,72.82793148676882
458.8871297546264,169.9351907934664,22.23460972732869,73.09322537279351
458.7782720380241,166.69300482594127,22.4523251605333,72.34346068718415
459.4840794752556,166.0184999481711,22.48094156786784,72.25223916092696
459.48303447009386,168.1729178554633,22.483031578191305,72.26180303726571
459.4972441906139,167.37370707192918,22.454612137151216,72.42058385682729
459.4205008575565,165.22773130435365,22.608098803266152,70.94706832438743
460.1482223173555,165.30443278934914,22.57595085190368,69.37037038616086
460.31369135798974,165.68123337374612,22.245012770635196,68.61676921736685
460.3724128187873,166.12193660958908,22.127569849040032,67.73536274568094
459.7983560143591,166.4233322542998,21.90684258699413,67.13257145625957
459.80384589942827,166.00420527516383,21.895862816855807,66.61460300236789
460.56550379370515,165.98934462807065,21.72120398900109,66.64432429655425
460.68397152458647,165.41381169677825,21.484268527238385,66.44951425136912
460.6601412489671,164.9287824186747,21.53192907847727,66.08081581818502
461.4862792781826,165.3457376510054,21.214045929555773,66.58129826303325
460.80908479783744,164.81076454191026,21.232775686596163,66.31558527757349
461.52368573866613,164.8011292948029,21.135805201080547,66.33485577178824
461.5348120256871,163.83215094299783,21.11355262703867,66.94209188765822
460.77612852297136,161.96632751427902,21.29199121225704,66.65695348445662
460.75843425543957,163.8626203487845,21.32737974732058,65.54070338351968
461.3736345069238,162.8369436389846,21.419941308902235,64.94613267401921
461.42232717341875,164.43534599206308,21.32255597591233,64.38174065008293
462.0694104287728,162.02551599380823,21.334783657472645,63.97582387751913
460.76470451201084,160.90376638650898,21.342511029669737,63.61763863079072
461.52091974890067,162.35233066682892,21.125965621977617,63.312280202325894
462.22326461766346,163.23117304441575,21.008854053699455,62.84217361639972
461.6194294890073,162.06535482846456,20.93777948101724,62.61632038831309
462.25921934761396,163.44770590572426,20.93242985506858,62.40007841632292
462.9953411914711,162.08378233269082,20.73124016565692,62.585817565784666
462.9884455348079,162.04068976782355,20.745031478983254,62.672002695519204
462.9410037619788,160.65346708800598,20.839915024641513,62.90345860879011
463.62409264939265,161.89082887074753,20.750262347618644,62.98178523891677
462.93531223313425,160.5787272378725,20.851826315557055,63.05399477551002
463.0159033946313,160.42497343218042,20.690643992562933,63.3615023868942
462.9633687387846,157.6923931126935,20.79571330425637,63.70545247241899
463.66790434882137,159.2303321415066,20.673761713185314,64.49093330179991
462.33092268151347,155.16595730659355,20.755647064780234,64.8434490225634
462.32054959991916,158.17136913676666,20.77639322796878,65.34537971438478
462.92879428390404,159.99151295142403,20.869962253408175,65.63526726529733
462.8781502269648,161.1861886836008,20.971250367286608,65.87770760135872
462.1628631003717,159.10965934845285,21.080622588485582,66.06716017569262
462.8036371282106,158.9375538801683,21.124979191208773,66.41137111226166
463.50939031562484,160.11987332595714,21.04508023789793,66.70994706371913
462.7856517641216,157.89328550954212,21.15818463742638,67.16000458611555
462.6524822870985,157.74886268320205,21.424523591472635,67.44885023879574
462.5094978898105,155.55158488439344,21.710492386048653,67.7878595785701
463.1142385878314,155.56460660763727,21.86293568586424,67.76181613208246
461.1660379905011,155.51711353910153,21.66626401833009,67.85680226915395
462.61226793671585,155.5461720505453,21.497983796978662,67.79868524626639
462.63559280473703,156.95640133484352,21.45133406093632,67.69456013834295
462.7128183304495,155.2349602568988,21.296883009511305,67.06995307918503
462.70065711174556,157.32232114389734,21.321205446919297,66.92759274373931
462.0953315569881,155.33199401960565,21.18930895550248,66.88060418952784
462.1873737057797,156.6939532951551,21.00522465791934,66.83558937904604
461.51281628970975,154.77160950366203,21.01891913764079,66.6740159047766
461.41356882537843,156.2490609478936,21.217414066303355,66.38587443857321
461.4612316034863,156.86618980457794,21.12208851008765,66.48456351785194
460.74364947306225,155.46818642448886,21.224659692037253,66.61538412023312
460.11119064750847,157.60248897577554,21.153238897365807,66.3557943549969
460.21273941207994,155.4643918564028,20.950141368222823,66.63797241378893
459.53227861197973,155.55889775128855,20.979461609233766,66.44896062401747
460.22592191785805,154.67772856527193,20.92163536143305,66.88183863209485
460.24687990524046,155.95321185849028,20.879719386668175,66.99994085373059
459.58311695513225,153.8954936869236,20.871809803960183,67.10907074809101
458.8944501607425,154.530146116165,20.912306711360323,67.17660257098764
458.8769732802985,153.88390276788044,20.94726047224836,67.1305473811281
458.7667574545069,153.83654450976587,21.16769212383151,67.22526389735725
459.3284044075514,154.47816481804767,21.38834206205572,67.28596712510672
457.96077184422825,152.59808156636512,21.425865950568987,66.99952177127233
457.2841449214388,153.14943023995167,21.433624936156534,67.24231928409064
457.81247295064304,152.49602086548015,21.726053568604303,67.20005334217737
457.75005533263703,151.663348715959,21.850888804616385,67.51153567083801
457.11534299300325,151.55155765835153,21.759732845370785,67.73511778605297
457.87216203224074,151.5311273549508,21.608176076168363,67.77597839285446
456.5814252300835,152.86575821910702,21.469902985130727,67.826463359894
458.1113769016727,151.38263202667443,21.126086948590334,68.07662843812106
457.39055831293547,151.33055379227574,21.21247484081686,68.18078490691843
458.11407440655864,152.6939404483773,21.12376394437376,68.17065417632186
456.71446159466785,152.8135686064989,21.20991119960818,67.9313978600787
457.34426612775286,153.02143429697367,21.30504009197832,67.51566647912912
458.14738366380357,153.95188658773978,21.049400713593503,67.0053575913135
458.1512221870107,153.23353753692734,21.041723667179156,67.10341252922863
458.0193028947546,153.09641156098942,21.30556225169137,67.37766448110449
457.98048171677556,153.03349412016064,21.383204607649517,67.50349936276204
457.9741488281462,152.37258980689805,21.395870384908164,67.4734446677973
457.9661158489586,151.53584441711916,21.41193634328335,67.7952653410121
457.38300174147884,151.48112481033894,21.221631691029227,67.90470455457256
458.1985176604874,152.14515175049144,20.94517559440262,67.93122641565813
458.27108402996174,152.33398282821418,20.800042855454006,67.55356426021271
458.34761449749135,153.15879569593136,20.646981920394783,67.2457490793521
459.13256293087505,153.27334989673514,20.41170362928525,67.01664067774452
459.14136558226295,152.56557365664472,20.394098326509514,67.10517405915628
459.92202874499765,151.9104215922508,20.16071877090549,67.08753141807865
459.9416551329182,150.3960633009064,20.12146599506447,67.46950548789847
460.7546879405253,151.4315049110942,19.823447765249128,66.72666965292177
460.69728812574647,152.1510039557494,19.938247394806773,66.59967680197238
460.57471899112886,152.11063184397284,20.183385664041975,66.68042102552543
460.49180192086806,151.97578200211143,20.349219804563578,66.95012070924827
460.3754666037805,151.22721258719773,20.581890438738697,67.12233956080674
459.605666713319,150.5585280948688,20.78982410474218,67.12804243054501
459.59388232232095,150.77595819446606,20.813392886738267,66.6931822313505
460.33813065637935,152.42271388496093,20.654757750342373,66.05939391380251
460.24104235867526,152.45510675730833,20.848934345750582,65.99460816910769
460.2732726516877,152.40558998727312,20.78447375972563,66.09364170917817
460.89210466350227,152.49713039157376,20.86763467858604,65.91056090057685
460.81201093554563,153.23387449471068,21.027822134499267,65.75683280034795
460.7576340425886,153.30562537576617,21.13657592041324,65.613331038237
460.70384304160797,154.15249960116856,21.244157922374626,65.24007178305713
461.31528906796797,153.58338202451947,21.33842767282509,65.06114513318481
460.6533095100371,154.23331664462194,21.346039066740083,65.07762361492667
461.29588146144863,154.39244094467205,21.37761675339506,64.75937501482645
461.43213396744204,154.4099447061265,21.105111741408216,64.72436749191749
461.4787139565745,155.18346436906148,21.01195176314334,64.48460826152805
461.56824091912426,155.80591849152398,20.832897838043817,64.54186262404042
461.5978838527352,155.17107893443068,20.773611970821854,64.51185379623715
461.6424764325606,155.19641401511862,20.684426811171132,64.46118363486123
462.25351618997803,155.84161246597185,20.758159967097484,64.46659940391599
461.5767672254158,154.61388046599419,20.81441264843875,64.32757290830467
461.60555562671806,156.02165855444903,20.756835845834168,64.10462466500574
461.5396121958843,157.23671873114796,20.88872270750171,64.25866170980267
462.0666038312894,155.9675310846227,21.131428866422425,64.20365814339138
461.3809588412664,156.57501311451443,21.20235926292995,64.28905366714626
462.027790593837,155.82327198807712,21.211569708804994,64.48966196900479
461.39872803273056,155.71597818404206,21.163799083433645,64.70424957707492
462.09807221974535,155.65650995006789,21.073181591397287,64.82318604502325
462.0835459332408,154.876296514965,21.102234164406358,65.07551443100897
462.0529555352283,157.42431686979108,21.16341496043144,65.22834417046286
461.35882391740137,156.37000174797134,21.23616541190601,64.70594884574368
462.00255488931606,157.18455465363667,21.258125675573034,64.38626524190951
461.31929153210933,158.56465445085098,21.319374009783033,64.23662240788784
461.26288346486007,157.43418611478305,21.43219014428155,63.88901643484234
461.2546958239221,158.72661049922223,21.448565426157575,63.90694384039752
461.206825644847,158.8873399851972,21.544305784307625,63.58548486844758
461.21525661097627,159.52541331188652,21.527443852049196,63.60845212894314
461.1298486244197,160.35503611894754,21.69825982516223,63.24833969970841
460.4080842992976,162.4440898747318,21.844670384534005,62.96158646075739
460.45206314249305,161.87531609999306,21.756712698143136,62.80343836447184
460.4785752747025,162.10676702791727,21.70368843372425,62.34053650862344
459.94868382565124,161.58370988617048,21.479200932098628,62.10238039238883
460.0646847626263,161.7547608251449,21.247199058148475,61.76027851444003
460.1549718533246,161.8229837319533,21.066624876751867,61.623832700823215
460.16252492591417,161.8822593269793,21.051518731572735,61.50528151077121
460.243693445722,162.12111580769457,20.889181691957106,61.0275685493407
460.3452950921853,162.15870752623715,20.685978399030432,60.9523851122555
460.4679891779247,162.25039028962797,20.440590227551617,60.76901958547387
460.47427886101093,163.4223809354579,20.428010861379263,60.90272072076178
460.41453170801884,164.56683832617833,20.54750516736336,61.09483568062437
459.77152287842745,164.07985725009306,20.588088452268963,60.82336345851762
459.7292409974491,164.03532349693901,20.67265221422567,60.912430964825724
460.47489902651034,164.53851689174283,20.42645841161699,61.151166430731834
459.8223602793706,163.90828013560542,20.487512842651302,61.167616879761574
459.8397319153893,164.4711488844737,20.452769570613967,61.28725323769685
459.79386616959147,164.57953863556355,20.544501062209644,61.07047373551718
459.78738594672205,164.13292279101418,20.557461507948467,60.71867283740827
459.13932636637634,164.77877083873577,20.613321526173905,60.66723588443112
459.87039795722853,166.57003755323151,20.391724465213038,60.806340817670566
459.1565500880022,165.4617566000063,20.580940848913745,60.54594401461699
459.8716752213831,167.4351241043593,20.388917658981686,61.552117313229864
459.90523336532243,167.210749906875,20.321801371102985,62.00086570819845
459.2345620324389,166.78506048651835,20.40895045983081,61.59805097187257
459.90190939446666,167.0582095637407,20.32431745250553,61.05175281742788
459.24577500153845,167.883132651433,20.395846835860066,60.642646044545145
459.99270947965084,168.66601829437815,20.138201974789396,60.31309885380888
459.3628223620157,168.1002424504451,20.171154400343934,60.21782873195929
459.98968096334346,168.9605038959198,20.14350560596721,59.723374249288796
460.5352339943502,169.6877073062722,20.27092244687391,59.48749033150415
459.90965104774375,171.17566985281763,20.304599519694897,58.946542879197175
459.90710231445547,171.8125525167316,20.30969698627148,58.88316961556497
459.8979318374055,171.97233159925835,20.328037940371306,58.56361145051147
460.5701120781651,171.37422979729234,20.18903497590987,58.554457537385815
460.02179150292193,172.16090581376804,20.08297995909883,58.18380167173179
459.90750138157824,172.4375978453485,20.31156020178619,57.63041760857082
459.87482419287574,173.2877382460906,20.37691457919115,57.12187658220526
459.9045876775579,174.72246994247686,20.317387609826874,56.62373722951999
460.56904203566523,174.76248614050178,20.16594299452507,56.54370483347012
460.6018851643227,173.7780800611252,20.10025673721008,56.1653660764148
459.4707451364587,179.70350553321248,20.028580299688585,55.9842975984881
460.07915398324826,174.96209459155818,19.974854067835544,56.16238778798724
460.094053606782,176.76664301473397,19.94505482076801,56.04727687439416
460.6925802724922,176.98387933520067,19.910478450737536,55.61280423346081
460.0858698421073,176.0880245261312,19.96825749013692,55.093230208858984
459.5297190220202,177.83295494776632,19.93129955489136,55.051148091848155
460.00452348398704,176.31973967037402,20.129679625427162,54.63361166322407
460.10257045946827,178.52271805173825,19.93358567446468,54.81005363340452
459.57487268066717,179.48534809854073,19.844399437665437,55.173957128602424
460.23683929714275,180.3622715049599,19.66863804304584,55.71645399242728
459.79116705186703,181.0401478454535,19.4072469756558,56.66617242732299
459.78297496731517,181.52307439257373,19.423631144759526,56.86184830230141
459.8361611580961,180.9371040103902,19.31725876319764,58.03378906666853
459.8370395002581,180.65838774391042,19.315502078873664,59.77058432590224
459.1145263511626,180.67621985770828,19.55650350240628,60.93894497296486
459.01906553515545,182.55694120201457,19.747425134420595,62.0777028887521
458.22972096888634,183.65920738278683,20.081383195664376,63.60736374109109
457.46856625147745,185.41381841256253,20.331101755024843,65.18850518336879
457.3301345162387,182.89318657772412,20.60796522550241,66.33089817893935
457.88455528883236,183.26783834984445,20.82005588191752,66.9025268363011
457.0705232191335,185.687106038683,21.115167248647218,67.39580254929578
456.3029986076749,184.1574229489336,21.304822271477555,67.76438032862075
457.034510782904,182.6933288523809,21.195918049136345,67.98432826549207
456.28751866229027,183.3392153953394,21.33467209098033,68.04778537895854
456.2851306411804,183.9173761635837,21.339448133200065,68.25015440452793
456.11626628383306,183.89856283337286,21.677176847894767,68.28778106494957
456.76782613893783,183.26695767892315,21.742465617805223,68.18258289372903
456.0050568497782,184.60587310164877,21.899886926407042,68.24098658771281
455.93187173951515,184.65943584627763,22.046257146933176,68.13386109845511
455.23739948231054,185.29111512711992,22.06219032642947,68.24351387168342
455.9496945634164,185.97133989901835,22.01246207902805,68.25792624269698
455.18106449564266,185.95343846118922,22.17556931942117,68.29372911835526
455.1362580710591,186.14669510563883,22.265182168588243,69.28487364212123
455.8398926329036,187.7358975454423,22.251297934795982,70.28662343220446
455.7909528692783,187.87110374729042,22.349177462046555,71.42356166551781
455.7637093956384,187.55995689277248,22.403664409326446,72.04585537455371
455.69840215929764,188.20433684118268,22.53427888200795,72.19220910414114
455.66739114278965,188.77077622462303,22.596300915023875,72.49893041689616
454.93574652058936,188.57090720671923,22.61449610181685,72.89866845270377
454.9536769885709,189.22008178865852,22.578635165853676,73.05141644534001
455.66330104676035,190.45957247488445,22.611986649169584,73.47763427227765
454.89713243793466,191.0579253145417,22.685067835186306,73.74018462459787
454.8335806361836,191.63803867367548,22.81217143868837,74.04428546905193
455.5803718584758,191.45902077715215,22.78957575910139,74.40232126209861
455.5708137815908,192.22939947217662,22.808691912871392,74.337205344796
455.587517352746,192.36361679442723,22.775284770561054,74.0687707002948
455.56885686452864,193.05246231589075,22.81260574699572,74.1617312844215
454.8451035482482,193.1553915821557,22.78745343158538,73.95587275189162
455.60277099676694,194.0575754761797,22.741395473410126,73.62078190270583
455.68186662225094,194.37846871720268,22.58320422244207,72.97899542065984
455.7323692492371,194.51241603065722,22.482198968469817,72.71110079375072
455.7325916302933,194.64209421647755,22.481754206357376,72.45174442211008
454.99110272561154,194.64267985377674,22.52242216084294,72.45057314751169
454.985356661486,194.02878993925208,22.53391428909405,72.23530861537188
455.7523507446079,194.4283493870342,22.44013061060968,72.87639420756719
455.780007969483,195.65910364715955,22.38481616085948,73.31000368311021
455.7397005649784,195.4395656894862,22.465430969868656,73.74907959845692
455.7092260038125,195.94711736472271,22.52638009220054,74.1943655899502
454.90170260036496,196.58412646795534,22.67360328568864,74.38817099689194
454.94408908500196,197.1804294623798,22.58883031641463,74.66885954343638
454.14785223020465,198.03207025534988,22.70560542108612,74.44127656241932
454.8653219892889,199.06011242673887,22.745305026940343,73.85983134366411
454.8705177002512,200.68990707638022,22.734913605015763,73.53451552576904
454.1213547100624,200.8071231356477,22.770905066640257,73.30008340723407
453.4862399216387,201.47647581491378,22.581458161971725,73.4210545302179
453.55692474736,202.4586381280302,22.440088510529076,72.91461971263026
454.19780655326855,204.2186007143315,22.606424754972608,72.29089425254904
452.83271700812344,204.27779400081855,22.451941949332994,72.17250767957495
452.83365613659015,205.12781965494153,22.450063692399546,71.9102570632869
452.90297190050455,205.28544545843107,22.311432164570732,71.5950054563078
453.6160997544062,206.83259190033766,22.312195032117767,71.35474972319523
452.8982110981678,206.83280420464482,22.32434650867026,71.35432511458094
452.83405239481016,207.37960784198,22.452663915385543,71.68456187672564
452.82610230103796,207.10585409140992,22.468564102929953,72.23206937786583
452.05213828005725,206.77748010522077,22.57754009000238,72.88881735024411
452.08906709909456,207.13798462478817,22.503682451927745,72.16780831110928
452.0820510213449,207.2511899429653,22.517714607427003,71.94139767475502
452.0896646939468,207.2194289435339,22.50248726222317,72.00491967361788
452.8062177679062,208.08384139951136,22.505738621069597,71.71245226842802
452.0502616916848,208.6079109943726,22.58538117598146,72.09658267623655
452.6741474736575,208.6053226373562,22.776796570391515,72.10175939026934
451.9588798572879,207.72902384785436,22.76454202063564,72.41156718677794
451.90551388842147,210.09783671974728,22.871273958368512,73.46177815683656
451.78337578981393,210.29362869028353,23.115550155583634,74.53401649289194
451.6919375426454,210.51447796068183,23.2984266499207,75.57585216285129
452.3385245227013,211.76347833614798,23.506932217942577,76.08121046818621
451.40113815763965,211.69044803574445,23.869009629237215,76.2272710689933
451.23252216159193,212.3937091820638,24.206241621332694,76.34220085370596
451.24856197703707,213.1791967330573,24.174161990442425,76.30052500588347
452.0501887591965,214.71397154062794,24.099025322131673,76.28720918275837
451.29792172531603,214.80180083517138,24.077015816035974,76.11155059367151
451.33670294142956,215.31415429170534,23.999453383808973,76.61048917773547
451.2409594675467,215.83953218775775,24.190940331574676,77.08902700836617
451.26904364739164,216.38574093818403,24.13477197188483,77.53622262571943
450.4740254306905,216.47617483914868,24.17989020321405,77.35535482379011
450.5664534895892,217.05477522745628,23.995034085416656,77.74134048575735
451.4072217617034,217.92421781890843,23.858741669297068,77.54769943096181
451.32490169742937,217.49873277599858,24.023381797845083,76.85868915160222
451.3413316689389,218.28087919393823,23.99052185482605,76.8276513680315
450.6030552683432,218.48370829227636,23.934866171379014,76.42199317135527
450.5885914209682,218.08451447667056,23.963793866128952,75.69495209145926
450.62287694427215,218.87921764770164,23.895222819521155,75.62119355980758
450.54566577093,218.9910363318279,24.049645166205394,75.39755619155505
450.60172386909926,218.29646981243346,23.937528969866875,75.27368167675826
450.586569431302,219.64818814458638,23.96783784546144,75.58861548043824
449.79000949121865,220.3046249370474,24.046744474395624,75.78995514674871
449.83547556026923,220.1442413405781,23.955812336294432,76.11072233968727
449.78761360012294,220.65489045438818,24.051536256587013,76.61082396075355
449.79799812062976,222.09827997363163,24.030767215573384,76.78456309545368
449.03705244059205,222.0435463565672,24.02031845799611,76.89403032958255
448.3738996952043,222.7886535997358,23.81292426583066,76.93751552618635
448.4088279768879,223.832447526908,23.74306770246342,76.3804139951796
448.4624487485168,223.9780233313702,23.63582615920563,76.0892623862552
449.2457613297965,226.23706394613737,23.584391817011852,76.11675361781761
448.5973513217334,225.98193453462943,23.366581412405615,76.62701244083348
447.9617410851214,226.55021654230924,23.119970170617247,77.00828014048629
448.8311053678709,227.14651179212984,22.899900556375066,77.33434859210206
448.0890046724903,228.5857372961426,22.86491656812874,77.49426834209154
448.2034917492517,228.54263160421925,22.635942414605907,77.58047972593828
448.29655578183053,229.41224347487454,22.449814349448328,77.35901051883452
447.514636627501,229.48101159858828,22.502494123913152,77.221474271407
448.26612369170147,230.87558649564176,22.509716654524162,77.45271779532399
447.39058371658746,229.52218455392284,22.747198173386376,77.13232481603032
448.03644792004206,231.06584396804436,22.968959943925206,77.07198634268366
448.80092341712526,230.34996132651096,22.95676648801532,76.98699408749401
448.68236590119506,230.39193733343993,23.19388151987573,76.90304207363606
447.827646513195,231.26359934226468,23.384780020339214,76.67825833152315
447.627120015229,232.25870864263845,23.785833016271173,76.20693413867642
447.46509968247705,232.3595364493143,24.109873681775184,76.0052785253247
447.3476866512441,233.1222587864313,24.34469974424115,76.00257651704906
447.20189406405865,234.67154508875058,24.636284918611974,75.95805710693966
447.10436534412946,233.94069782750245,24.831342358470344,75.88799826988486
447.7305806464559,235.23650498842255,25.113249343914948,76.36505912823955
446.85046472177,235.85161185952163,25.327191283840854,76.68113529548731
446.71297184007904,236.45029994270013,25.602177047222767,77.03846488928282
446.58928402078755,236.44412250668339,25.849552685805715,77.05081976131629
446.49413280676697,237.05837978918623,26.039855113846876,77.39183133226868
446.5203562299959,237.78655237965438,25.987408267389036,77.51334597191772
446.4219951878196,237.7475003370765,26.184130351741565,77.59145005707347
446.369907673977,238.27298222945794,26.28830537942678,78.12382479197227
445.5202909433135,239.68354159230614,26.394715745260314,78.48835225726296
446.3236371423252,240.5479566823949,26.387981590566433,78.35948032041492
445.3984790340561,240.01120537260732,26.640297661397742,79.43298293999011
446.24802451584213,241.28383933760537,26.55910322587536,80.12350806609328
445.3221642305182,240.92867763093275,26.784585560799176,80.83383147943852
445.3578183093436,241.7764249054649,26.713277403148332,80.77880971450082
445.33363836517094,242.46168807381775,26.761637291493656,81.0466674593313
445.3265800344537,242.52649010783398,26.775753952928177,80.9170633912988
445.3227196858561,242.8282621711628,26.783474650123352,80.31351926464117
445.342143977733,243.12838046288374,26.74462606636957,79.71328268119933
444.532599193311,243.15409576171623,26.739921247893797,79.6618520835343
445.3517764016575,243.37692051765268,26.724542994937128,79.21620257166141
445.39052199963334,244.97063079881562,26.64705179898548,79.26148089829684
444.6382369943599,244.29248384318072,26.536043564801606,79.00219656483594
444.6742213785509,244.53080223776863,26.46407479641956,78.52555977566013
445.47416296462654,245.43947156693886,26.46594711024909,78.3099766033004
444.7107710673568,245.40937081604008,26.39401146082676,78.37017810509799
444.8122870505309,245.97207468290947,26.190979494478484,78.84303303255341
444.8655762236109,246.5551238114874,26.084401148318523,79.27821488378363
445.00428117225704,246.96476985018043,25.80699125102626,80.06444102028438
444.26062118055484,247.47103103792477,25.682710252819753,80.66351962640658
443.5332844045281,247.3934831293244,25.519562058482272,80.81861544360734
443.5205575766101,249.05922636301128,25.54501571431831,80.72116455005933
443.622005603755,248.97049982845138,25.34211966002854,80.8986176191791
442.84858283582594,249.77468412101797,25.2740843721996,80.90512985773296
443.67765430957087,252.05447511618587,25.22965921942183,81.18670125153338
442.854220526155,252.05734390325574,25.25963687818927,81.18096367739362
442.91393391601895,252.5622881756077,25.14021009846136,81.78843727934853
443.730901418102,253.9673269005106,25.130039968784978,82.22588957852238
442.8753600320132,252.6875017134912,25.211348956444006,81.52599238352398
443.73885977506325,255.29514121257213,25.105710480311714,81.17479641526559
442.8990064583796,253.76820513035278,25.17098574990711,80.99980585216043
442.883535564212,254.47679127624036,25.201927538242174,81.19579035201295
442.01331957452817,253.54018562672712,25.325852949484624,81.45249508291417
441.1116618836645,255.1724240190714,25.50673388318115,81.43288719428747
441.7844710684459,254.46314412955118,25.786610580268874,81.2259519066774
441.6991003927378,255.2806644740088,25.957351931685015,81.21862918450005
441.64387809719113,256.969545584114,26.067796522778366,81.10238104556598
441.59134108916595,256.19234140213615,26.17287053882871,81.02565170022017
442.3748729166607,257.9943284237,26.237785977350953,80.68563584411595
441.3884038418221,258.1257542709242,26.58238406358936,80.42278414966756
441.39923616499414,258.08840173168875,26.560719417245235,80.4974892281384
441.37822543372744,258.8808946242996,26.602740879778615,80.54409118347408
441.3021956539434,259.43936884939774,26.754800439346717,81.06016320365364
442.140649606805,261.91354035625534,26.721039323499475,81.0412605595663
441.1725848872801,261.8578189032076,27.01490942629242,81.15270346566179
441.1282141138599,262.45639862302863,27.103650973132893,81.60477028355058
441.05594980285593,262.595891167352,27.248179595140737,81.32578519490383
441.0151408875307,263.59112918797183,27.32979742579117,80.99126607030932
440.914505893236,264.28006011442113,27.5310674143806,81.26608974615385
440.9082253703691,265.2513341775801,27.54362846011444,80.983817247261
440.94849960053836,267.0333567963214,27.463079999775907,80.73273911415004
440.17192733009426,266.85518557196104,27.364788228154374,81.08908156287076
440.9329207804119,267.47164964214653,27.49751909183746,81.51087118681826
440.9654172918321,267.2079950639718,27.4325260689971,82.03818034316777
441.85349877052226,267.3190269025263,27.325832066117925,81.81611666605873
441.1877809528238,267.19580510433366,26.992911067765316,82.06256026244398
442.095224298144,267.95660532477916,26.839790900970875,82.2027263453989
441.28124019840766,267.22839859897766,26.8068077972031,81.9981884937614
442.15858143797533,267.94276276099095,26.709563931423002,82.22689878309009
442.14248668050936,268.91008861579655,26.74175344635495,81.95115171456558
442.09033610914247,268.9870435733878,26.846054589088638,81.79724179938322
442.0335897722844,269.84077892938205,26.959547262804755,81.7450725603545
441.9425759927119,269.3058993996864,27.14157482194979,81.15819178006979
441.0605020652319,270.2560957566981,27.254100942353585,80.90942080060267
441.07763541530954,270.4749523400437,27.219834242198328,80.47170763391142
441.09387087139015,271.5956475165652,27.187363330037083,79.87359457549269
440.3507105087396,271.987369802167,27.03952023099776,79.090150004289
440.43514265129255,272.15679544774093,26.870655945891833,78.75129871314124
439.71055488150256,272.80866465704884,26.707437841323785,79.05995393867343
439.78787468005555,274.1333164429204,26.55279824421781,79.63827382021461
439.82170549386234,274.61152857982785,26.48513661660427,80.3010678467687
439.19515500430873,275.85408338586376,26.1108284585372,81.07077650904552
440.08589434641783,275.41923688494467,25.96082968417406,81.94046951088369
440.2290322378684,276.8044124431321,25.67455390127293,82.45225303696657
439.5143288215761,276.6796879085637,25.460913461339352,82.70170210610331
439.5828674133931,277.5373018552818,25.32383627770532,82.62910973415023
439.77043782490534,278.47167362101123,24.94869545468093,82.39943785563366
439.06371952884183,280.2813750059488,24.733259108068978,82.03778096323626
439.12332308288654,279.17249034211704,24.614051999979583,82.63579019237483
439.9036651217874,280.77810880470474,24.679377769229475,82.67657296130265
439.1180822020222,279.58491851462543,24.622743894374153,83.43515382707555
439.109037507686,280.4151378557274,24.640833283046526,83.4121912168437
439.0560840784884,280.60058193630596,24.746740141441727,83.04130305568653
439.0017896585337,282.4775504535642,24.855328981351086,82.555786131735
