411.5,48.5,32.0,112.0
410.78517559759916,46.671625146937615,32.429648804801644,110.299806974587
407.2586661065029,45.50734360037576,32.99528509736332,108.30344827462349
406.97746325112445,46.878779066694804,33.55769080812023,105.56057734198541
405.8649906428906,47.160201867981705,33.66642702418296,104.9977317394116
404.58773132122747,49.245818301962416,34.110726478042075,105.04693725038445
402.2351649081836,49.52342126578874,34.577693445203224,104.4917313227318
400.55810653359026,49.78267505414632,35.812057780477865,103.97322374601664
397.6768920038262,49.1882102982501,37.30465689637457,103.02723828599338
396.14914389154603,48.917672193240875,38.21164736710689,101.41980874218387
393.0509060135581,48.880805414864355,40.12441242854496,101.49354229893692
390.3928992244773,49.50468596475827,41.08597682480311,102.42300579010087
388.88075529255946,49.27564141639072,41.902490065728905,102.88109488683598
387.5231618782709,50.488663850678115,42.388749621833554,102.6839772907337
384.99351616122266,51.42283549046121,42.978571323795684,103.05036887723469
383.7004122540437,50.127691444762156,43.31428150932006,103.39015933979933
382.78193080878896,50.26493898190395,42.88988436773353,103.11566426551573
381.0333546095594,49.07622826026319,41.8873047838328,103.24321971761728
379.3998741845591,48.92022334189071,40.68651473066289,103.55522955436224
377.89659063913376,48.824089759840504,39.25922787817446,103.74749671846266
376.22402829349267,47.4544817241465,38.21618806995045,104.29263054009756
375.51312491417167,46.82620016734698,37.45490415641591,105.54919365369659
373.7547321701066,46.41861793518678,36.59714115505608,106.364358118017
371.93184732472514,45.382488859787344,35.87628820636039,106.25330494908656
369.8991260052758,44.036652433799766,35.6045742847979,106.77639952083108
367.81416472889043,43.43363053688368,35.43238049219835,107.98244331466324
365.520431254749,42.06039569880975,35.64972656008095,108.54385255061094
364.538988117077,43.26804486850329,35.4155846567034,110.52261056866705
360.9626633018003,41.167195887656064,35.9056961858133,112.50346249654703
358.95596141345237,42.58795881927429,37.66111153658055,114.17791348516806
355.6340160611217,42.3651682247789,39.676968529432685,114.62349467415885
352.1410647599605,41.99514398511552,41.948510427486724,115.36354315348561
350.32195309220305,41.94541157183948,43.17776667388709,115.46300798003769
348.6706489145728,43.45670630524019,44.04779569622634,114.87299784615749
347.1189925506375,47.31404647167185,44.71134410174919,114.47761048033742
345.44155588919205,44.7192667430911,45.6202337871086,114.77520266243621
342.80972933830054,43.36339126753276,45.95084588716065,115.02043311268736
341.5708769394978,43.25947826953219,45.95259647829238,115.2282591086885
339.2051239142404,42.92240699186863,45.72614911017368,115.90240166401563
337.43274297673247,42.767054631663925,46.78628222457847,116.21310638442503
335.0230799524271,42.622591899181046,46.58954210607695,116.50203184939079
334.5502769532471,42.46124403745509,45.02646531220609,116.8247275728427
334.04720666847965,41.031306105074385,43.547256110082564,117.1992536659457
332.7555837031379,43.30329881469787,43.666386149398285,117.58350002943442
331.70897796628583,42.9490834206118,43.28782927777679,118.29193081760656
330.6630619727681,41.54650126632566,42.90458292523643,118.62201678660296
329.76402526147183,41.93738426603494,42.22978613248246,117.8402507871844
330.5712448831997,42.59453024738184,40.615346889026625,116.5259588244906
329.3168813523067,42.27026999747162,40.72267807725388,114.77308345075228
325.2600531286355,43.03187650912534,41.7013709215623,113.24987042744485
322.14743576302436,44.44793667754119,43.17810119087249,112.79200232156924
319.1293024040553,45.56743384260775,44.4258113363646,112.9472862776591
317.3182564185325,47.266663601468096,45.62902957267143,111.96770049467719
314.54515924431456,46.253792562592125,46.322731838656146,111.56719653120356
312.92157437879916,49.15024981218171,47.13709729117525,110.63989058904778
311.2171234769092,48.14446409156912,48.11215487795736,110.21761781327507
309.9453952467354,48.24327682577761,48.21065427052919,110.01999234485808
308.9245410115133,48.292001273025555,47.808532139908195,109.9225434503622
307.85276101739856,48.2956115847113,47.51676434648736,109.9153228269907
307.98216037960213,49.370852749539694,47.257965622080214,110.19491367279377
306.90752615955887,50.140452359167796,46.97768768436278,111.08526083134149
305.98144718632454,49.61499106233108,46.39238556009211,112.13618342501492
304.96310885537787,48.866547235124386,45.98680981906647,113.6330710794283
302.79865789362066,47.507974097946075,45.402477118173856,113.89360004158138
301.97190636434857,47.61357438913272,44.606035795577355,113.68239945920809
299.9582327575946,46.8196766040613,43.768047323616706,112.83752718661663
297.7714597798427,45.77780856988694,43.33055984169924,112.51574653625474
296.04188311191865,45.21516686354113,42.003614753877,111.24798073711119
293.4479874838413,44.453834204472955,40.13835858315345,110.41963024628816
291.7967997858801,45.7869686543161,38.82972286578876,110.05886690324539
290.04518069673406,45.076096133491866,37.77969182598391,109.20397733584538
287.76024103555073,44.3517305237246,37.85888618303104,108.40736607272012
286.05494721891887,44.71048405091163,39.034055054313534,107.68985901834606
282.9272256151071,45.91976519024555,40.79653192966198,107.51777990581571
280.93232683610955,44.92607904511267,42.510523494948124,107.22934620337242
277.5779845368387,46.17385916947093,44.61443445026177,107.03617277626986
276.087794651237,45.1504962669776,45.2577411745215,106.74582553431281
274.95066410797216,45.19682519133917,45.18771916047163,106.65316768558966
273.7853756747098,45.215310128415126,45.17659209558232,106.61619781143776
272.75582536813874,45.176790572725565,44.894720161731264,106.69323692281688
270.87075744968837,44.00425345542772,43.99067210151455,106.7012192088538
269.2366415418397,42.762661878010604,42.616583712192906,106.86324226117853
268.0212643123839,42.435978670050766,40.449310997158534,107.5166086770982
266.8293705321847,40.895090823815224,38.29401343774811,108.32884180966491
266.5634501608999,39.49220789004693,36.583650673420614,108.8924041703043
265.10996653325867,39.38897906696215,35.05245008364633,109.09886181647386
264.4236594890566,40.35752117665513,34.23111508458279,109.35572668455553
262.4270888995162,41.359549171319046,33.85932300151504,109.53413732630199
261.34926469280674,40.39103875941025,33.836840741778246,109.29302747696391
257.74216640538447,39.391900391057035,34.52814352438996,109.11700628292607
255.61896440682153,39.35526919137628,36.589991033693295,109.19026868228758
251.89594778090924,39.523343234448745,39.58914334250383,108.85412059614265
250.05609732367287,42.20876169729529,43.268844256976536,108.02963899446937
245.5091459193738,41.17187327449534,45.380405395622546,107.77596861675187
243.19376499034598,41.384020878266426,47.64982497945618,107.3516734092097
240.26044602308315,41.40490598590626,48.72591413222894,107.30990319393003
238.7863502684988,41.218440451591775,49.26053522058616,107.682834262559
237.44087014208628,40.94818767978442,49.52313420991755,108.22333980617371
236.23160008895388,40.67209758637854,49.50085534405514,108.77551999298547
235.54465120965307,41.82262395145385,48.42629934743966,108.92292101805197
234.93848716081257,40.47587087679713,47.20690410493905,109.1847038271838
234.33342620649242,38.89888081354803,46.003000042704755,109.92465798280745
234.05697425758157,39.98807562778855,44.15248706862411,110.14968522622871
233.87365504788576,39.654465380989315,42.145387092143665,110.81690571982718
232.71793211476074,38.067705727630525,39.762068365037706,111.64304272986675
231.43175352659946,36.43451148664993,37.70206354644527,112.59325021437046
230.75498451411482,33.638216076639765,36.76338327675873,113.60140444507903
229.68009015126,34.53187146844066,36.623820426731605,114.10344523721399
228.61193796428108,32.9334040345164,36.46620707323002,115.00646237760313
227.43393624244294,31.842433449288706,36.51837379782586,114.88456682897808
226.1956410204309,30.481546569920113,36.691896856392674,115.30327320225808
225.0134508758212,30.07854815019727,36.7440716718287,116.10927004170377
223.73308935666762,28.11325944263413,36.980189198329164,117.71524194502334
222.49065019966886,27.117737178649733,37.113324841304575,119.70628647299213
221.35865301050197,27.165338117183964,36.994886605504504,121.99351721005755
221.26221938217478,23.679461517217668,37.187753862158914,124.13998302502732
220.01391443064327,24.294898485265314,37.23776294430286,125.35570990985109
219.89425148590576,22.745597094476437,37.477088833777906,125.98958505356933
219.9392919974398,22.313163221677627,37.387007810709825,126.85445279916695
217.47227760370325,23.628277573161498,37.343646941721374,126.71291892442997
217.4166082264961,24.494579818522737,37.45498569613566,127.46620194254251
217.44547433472204,24.447522466171463,37.3972534796838,127.56031664724506
217.36443553747975,25.682896973716574,37.55933107416837,127.58843118200984
215.95657525126433,24.543342125635675,37.87277548460885,127.36526471618129
215.83493863269928,24.704529563390707,38.11604872173895,127.04288984067122
214.51553166510138,23.287097552110524,38.249961182739,127.37285238903587
214.57499942290656,24.28176366731862,38.13102566712868,127.8955752372866
213.3593034812885,21.31542199887113,38.045173968529234,128.79377141051052
214.65307394382512,19.621856562552537,37.985984611057674,129.65255071554603
213.60166054260867,20.997088143476077,37.54942052345305,129.44147844373646
213.6214983080664,19.028184798254856,37.50974499253758,130.85100634634082
212.43832904205323,18.7180356614128,37.328638275847105,131.47130462002494
213.69684312811566,19.149585851520612,37.364429171322456,130.6082042398093
213.88952136237745,20.370472511268773,36.979072702798874,130.70773605755284
214.17183647233327,17.877612006300424,36.41444248288723,130.6224344016739
213.17734216836405,19.509889195810374,35.87968771521182,129.8816233982678
213.493204364347,17.99183473603476,35.24796332324594,130.41445298637166
213.55901297002083,19.463719329410452,35.11634611189829,129.96960766690265
213.55216662896663,20.55012762872778,35.13003879400668,130.2869769921366
213.4650121249503,15.115590682836796,35.30434780203936,131.17640448550637
213.3794682408025,14.376165425563855,35.47543557033492,132.65525500005225
211.93974166735694,12.362930565176029,35.82014289235606,134.1469788959579
214.24535794617236,11.864775389955298,36.33336729063254,135.14328924639935
212.71484291398286,16.233398516337317,36.80848649446208,134.16377557528355
209.89915142874906,17.322897511774883,37.277780875704735,134.5658218790209
211.44386796100207,21.914584533747387,39.37937132357002,130.57347134744714
209.76600858519353,27.304868568666507,40.156791609092856,127.52779867589149
210.58179518975209,41.97774272937541,41.07473173644912,123.67718371920716
208.884224188411,41.88828866793365,41.95820329763224,118.83275095909252
208.46917404502852,44.49592649198254,42.7883035843972,113.61747531099475
209.27806844893263,56.79241776298864,43.56962670747451,108.217388216067
208.92761794786807,52.92794701327122,44.27052770960365,104.26874634167521
208.9176741737572,60.052682883937855,44.29041525782539,99.18326927740658
208.8251413914008,62.3489438125491,44.4754808225382,94.59074742018409
210.08543180793504,65.43108043924545,44.10907475768498,90.58064893500665
212.22660799150884,62.1899634634483,44.00531586551634,88.70569593664304
207.42203704398548,65.80024778604394,43.314028716924824,85.60529890890702
209.780241161071,66.92926722916644,42.60307960725808,83.34726002266203
212.0878639715421,70.22978353531386,41.9025381788866,80.66093160293805
215.05329590832855,68.39663166314666,41.689234737873406,78.60967491471274
209.56939620882162,74.20859338061119,41.42483718731581,76.34591560442658
213.34172077983197,69.53062243598707,41.21683198066032,74.69689159062696
216.1115660318678,72.07342470533183,41.09597171066462,73.22384054132138
211.0322986420834,76.04365988819127,40.5598085370365,72.4131688110671
214.5864289296163,69.95742018839698,40.496882705845856,72.25631240887422
211.1808809139662,70.95044902957662,40.27620699841584,72.02819766119748
214.01979663384193,72.79955461039265,39.8508124383138,71.83161108599839
215.09190498798736,75.45890452938373,39.44725343086567,71.73488435054432
211.8480900250296,72.9199963523501,39.00550756027677,71.61566885723329
215.37359140373144,66.05813969433,38.84665780633739,71.55507616634478
212.07330190197058,77.20408520571655,38.56952274307891,71.61575586060752
216.3467072681538,66.13298088931845,38.60061368010516,71.45542015298264
212.97149552960622,76.52878854595694,38.49603759966894,71.22880351229978
216.46094714887195,64.64043431090549,38.351615223034926,71.08482896576169
212.36156412657348,76.7886440428192,38.030248870668295,70.64478021343228
215.85166959219413,64.8305191703219,37.81819965631811,70.87246394930803
212.54569138195157,75.89435668818422,37.66311446605324,70.73767414852084
216.05321896731087,63.11088316915356,37.396527009961616,70.99786725673083
213.61187193935524,76.58704244738907,37.22011258301123,71.02746060885536
216.21908750374297,63.86421517230359,37.05700159055982,71.21651447740595
212.97155975678982,75.81766158903449,36.81707159318088,70.88207086344258
215.61636608798796,63.841204929931415,36.551574454115745,71.38911173943679
212.3618280770917,76.68330224017868,36.35035435038105,70.86852758966913
215.7470192243922,64.81705946855597,36.245840548285194,71.27047340914655
213.32065241492103,77.46066204045462,36.0868960977946,71.04165861251407
216.58375390815834,65.8328998911777,36.218537205354814,70.99472858194574
213.15457968140146,73.38789770444313,36.41270619344485,70.87913675261845
216.48682991099497,68.3735738318442,36.418996289141774,70.90159866549035
213.05906212843738,76.5888981939745,36.601989215925016,71.15230653705962
216.28761211535087,64.73028422079261,36.84476360911724,71.41997419885604
216.19827197002044,70.71149750935463,37.023443899778094,71.23910893964023
212.76762890137022,71.72596070682215,37.150726690519214,70.89368338134503
216.0723395857954,66.77481508901161,37.26376284248822,70.71228833573704
212.56660740964452,67.50787244583175,37.555668808542215,70.9260632186587
214.3245895044932,75.03905643477854,37.415796153565914,71.05610714700978
216.02315141711748,69.15867790626302,37.39378611426651,71.00396595321884
212.5772520465912,77.60174507028347,37.539936460948056,70.98195261110527
215.93713436803188,64.93836470108428,37.57456352753997,70.97974443897908
211.67632154430694,75.17347939839779,37.650390076383076,70.77943288100829
215.04618223511287,67.57423162323467,37.660721960870674,70.79030858261086
210.88851654060565,80.81801991478855,37.536800357898635,71.30834157385974
214.24597566944234,66.38486069356325,37.59525984757034,71.38780459009374
209.9885487559503,80.6502014077874,37.63252825848072,71.68091357629612
213.39397320109038,63.542848012935494,37.62354726440096,71.88628088499803
210.75468113765712,76.50198253457211,37.792137376098125,71.51798191757153
214.11480328123656,65.43447937123922,37.87514302476622,71.54242595279976
209.86991323548952,77.15119574903032,37.85193838579411,71.94535044252288
213.2426730387345,65.33085857841732,37.938917283824495,71.67228001792762
210.57622944282463,76.60076560130467,38.154998664831446,71.3052911523416
213.96672384457636,65.49867381819593,38.189635509393845,71.35869136234506
209.75981300431587,78.21083088533913,38.077025380888855,71.51367265513647
213.2307517115917,66.37594725178643,37.957697951313676,71.30451497482434
209.87743619021808,77.33837443197451,37.862279324415816,71.48632204079476
213.24290669505757,64.77567871762884,37.937541350236785,71.0884520863611
209.9126001883479,75.8726808264872,37.81020940510401,70.95526898393891
213.27204158823363,64.71480074666079,37.86269610549543,71.26407826806232
209.82729515168865,77.57590291738522,37.95903802851397,71.01618998938139
213.1846148135703,65.83311806146506,38.029562008563175,70.75368813787796
209.9149257386107,77.65090594495925,37.79440763598338,70.82897619963619
213.20118262862536,64.21285068331429,37.98474294586601,70.6536903632783
209.85587472143084,76.87493110733254,37.90978913347354,70.70041561567224
213.9663123445679,64.20576580843925,38.142897484996276,70.67679542006823
210.93879526846027,75.36845583804136,39.11460934565979,70.37914529092163
214.83647841883584,68.60036810620011,39.85248015326604,70.26214138123234
211.4843491654284,78.12458946318144,41.40430650867157,70.10594988910407
213.77182419706438,73.97731253014359,42.05374828982207,69.69318401447559
210.0218406475204,77.27176338701005,42.568575294252746,70.0894223953999
214.36182313764883,67.63248333612334,42.692899109312464,69.99854714747696
210.65721619475698,77.33998964334245,43.05572850888708,69.96109187011369
214.27156268161536,70.3331470216987,42.895590524716866,69.83766713430818
210.89824029761004,73.85373608703578,42.59180982596842,69.84691447039305
213.8074109436204,68.51388054300564,42.046374393371046,69.98081383960678
211.40742722117488,71.11778995114109,41.595015121419884,70.02432174017807
208.14629747625025,75.61129130773713,41.143383373128174,69.75468307466218
211.12641217596357,79.03682268059111,40.37865763403557,69.83095854273287
214.61602722669917,67.99403913812552,40.27951161881792,69.55625234733986
210.52157334013054,78.16181153916818,39.89708644299281,69.79190662276426
213.9401053607366,66.35206979227846,39.90511043859911,69.45358198767939
210.7707121918047,73.86163112522954,39.418315337138345,69.79201756025746
212.47849549533777,76.55966691203835,39.40902375117305,69.50535851829108
214.18058508827855,71.54986799768798,39.40231881046384,69.33253361147469
215.8956337818987,71.61780142927795,39.36435087170612,69.19666674829477
212.47276707703995,71.87153837020195,39.436452553063724,68.68919286644677
214.13497944920573,72.0428277752282,39.486258012547026,68.34661405639426
214.20417924482499,74.57599626453364,39.34785842130851,68.32892219265791
210.15757398381066,77.01631878655938,39.039706833897185,68.48909441427043
212.84530093862597,71.80285541397393,38.696497848166395,68.85153131164161
214.58902055026277,72.70806965329517,38.56294526369733,68.7180461524014
211.3947321496965,76.03269902966633,38.2607385691916,68.75957089529734
212.37740316351133,79.2331300536292,37.963558538425524,69.0313568348261
214.08380030108378,74.1917405868583,37.8849777009294,69.11149545542168
209.97183942853715,75.67557799080703,37.77416119521184,69.47771594784854
211.77480462657724,69.69315994289794,37.50914312029103,69.74935891960905
213.30110561556828,79.02671937395954,37.796390609468574,69.45141212686372
209.8506756728177,76.57165392371928,38.015457092184434,69.35019797525523
211.51768394172186,79.939703350153,38.0268380547854,69.30489412320644
210.386775557111,77.41409467743485,38.61643027771577,69.33943782976871
208.91890327677567,76.2670062815364,38.186588950961806,69.9508216778533
209.2658678767801,74.29484105228696,37.49265975095296,70.52618360079678
210.59493752562668,70.51134717963082,36.515601025842756,73.04992962836005
212.4689753560488,68.52803200796866,36.17010850745732,75.31526840045498
211.6141000253474,66.68273022579751,36.15145238437406,77.27746518031128
211.56104084126048,63.89578731113599,36.257570752547885,79.33798217923348
211.5119624865428,61.898704963939,36.355727461983214,81.54362861997109
210.62625899594144,58.83215517870714,36.30486388460807,84.032187073279
211.71147219386475,56.94499245058829,35.99187300831375,85.94907700996447
212.8130153700353,55.803548987007844,35.668396168546494,88.23196393712536
213.85510788833633,51.21090129209908,35.490995835328434,91.69690521679095
213.64156150024726,49.586602269377515,35.918088611506576,92.99204986180176
213.573571111032,48.808004230405366,36.054069389937055,94.54924593974606
212.6688012778698,44.452872840133,35.85910024715084,97.24598229295876
211.90484159332414,44.05016803300862,35.34736830093155,100.09104322251812
211.26551010087002,38.93431166374414,34.554962917197756,104.10955085512111
212.57300018260938,38.40674309457729,34.053881749344825,107.27858698908058
211.8374176755713,33.24785239220101,33.37531630896733,111.14717703047219
211.9338809243087,32.809003195957075,33.182389811492484,114.21688801737943
213.13533607071005,30.18090713265238,33.0113095010746,117.24125016160403
213.07738384547594,30.008792533369018,33.12721395154283,119.85681073973447
212.0807178234844,25.179276367323475,32.81016399651938,122.5846970748061
213.3874674682355,20.182226133595293,32.53950905162153,125.55026450844957
212.2984592878611,20.0195082387919,32.33808038096549,128.2551453294612
213.47905022144397,19.055513454440828,32.39052071938199,130.18313489816333
213.42617951767954,18.170537016710398,32.496262126910864,131.9530877736242
213.36815132885792,18.687029236822838,32.61231850455408,133.38861285333064
213.27953519553682,15.143932134623626,32.789550771196275,133.00226912743813
213.45894772369394,12.968753028806546,32.43072571488206,134.86382644176592
214.6775347828499,12.632593769759552,32.50161199336564,135.5361449598599
214.5878806614153,14.545852616686275,32.68092023623484,134.22845876592535
214.48551282986537,7.582816022286664,32.88565589933473,135.6349050659558
214.3009750305281,13.124519223687997,33.25473149800925,134.6616519567969
215.51967914342336,13.038400182574094,33.33824181641666,134.8338900390247
215.26589745307965,13.266695090093947,33.845805197104106,134.377300223985
216.2012372640593,16.62684064918095,34.50327905220638,132.7133160599342
215.71189263590634,18.714844520197133,35.48196830851231,128.53730831790182
216.5292904756553,20.057850898847434,36.32404808591825,128.32817101750507
214.94697144258117,18.8444151281152,36.99899441028768,128.26535081719072
216.9306416281762,20.0692000509962,38.03446600557915,128.31718695466947
216.40920262774284,20.65398652418206,39.077344006445834,127.14761400829775
217.2545335608959,22.26908466476324,39.910873167793746,123.91741772713539
217.1285179494659,26.68100818699329,40.16290439065378,120.08104301773552
218.2668422324965,28.473059182682263,40.33006392234281,116.49694102635758
219.29504369735633,33.53358590703979,40.66945168768733,113.56325966283526
219.1692460689896,33.32591256025428,40.92104694442084,111.61853632671563
221.28238922644584,35.27059307951214,41.36837636820073,110.06598315754613
222.49362861159426,35.06591707200504,41.26853338014681,110.47533517256032
223.69648296802504,34.84169896182024,41.18952937286558,110.92377139292992
226.19454420800838,35.254566240822285,40.85681784583902,110.09803683492584
227.8402153418695,34.14795861137185,39.879352958713355,109.99737471323013
229.63168745532795,34.460307857379945,38.59118923263243,109.37267622121394
232.5194600661988,37.27312715308666,37.34065398881959,108.2720476077294
234.30918774089605,34.8538898962841,35.98525579031954,108.66240781954568
236.01345755117094,34.98414954787506,34.781578622198644,108.40188851636375
237.50173969098458,35.37597856324713,33.98408430469528,107.61823048561962
238.92144471396125,35.728996843940976,33.29793864252896,106.91219392423193
239.15122036329015,34.731350927805295,32.838387343871126,106.77689194188113
240.23627631491792,35.65339376612805,32.788460040550014,107.0529908651701
241.35741121057268,36.361980905451105,32.66936285819208,107.7589891954755
242.39820414215336,35.08286589600958,32.71874281598171,108.1862533934075
242.24328474593457,37.11837475165758,33.02858160841928,108.39109526600586
244.21568537056248,37.18207022881255,33.37691995275179,108.26370431169593
244.1380201748009,36.89580983898526,33.532250344275006,108.83622509135051
245.09120729464826,35.52003039065751,33.78807054311996,109.42558954946631
246.13127042433626,34.40434643696036,33.88321970138691,109.48168203921766
247.28362226140442,34.222488394531474,33.75634484354025,109.84539812407543
247.17011853032105,33.93529901903513,33.983352305707015,110.41977687506812
249.27481412686168,34.40473649296625,34.15990883054275,109.48090192720588
250.40085335423305,34.556880790518605,34.090758036084566,109.17661333210117
250.59368188163845,34.939546491913866,33.7051009812738,108.41128192931065
251.85528334430762,35.1359970798576,33.34126345594938,108.01838075342317
252.84518400821733,35.52388332505869,33.50853635135009,107.242608263021
252.8159416579513,35.748958160737544,33.567021051882115,106.79245859166329
253.9625591950272,35.67793763374769,33.4076467064434,106.934499645643
255.04889188720028,35.61720292128074,33.367916504193104,107.0559690705769
254.96638244289414,34.41022504955161,33.53293539280536,107.33600057022497
254.8511905842599,36.144014187985036,33.76331911007385,108.15030412368566
254.71349261066487,36.13421808425127,34.038715057263936,108.16989633115318
258.0307482949017,35.10826682864128,33.8904980435735,108.0597007241121
258.11786186057697,35.45551356986559,33.71627091222297,107.36520724166348
259.2456527256637,36.6520240323887,33.60542665348285,107.11692378805064
260.20820303130273,38.976881652712066,33.819497441987586,106.74555134696945
261.2697945422445,38.982479081400086,33.834162948696694,106.73435648959341
262.1674498855187,39.19407951318833,34.17681206512952,106.31115562601693
263.9451744903936,38.377636309023245,34.897877386796196,105.80578476863889
264.68240435655485,37.26500138101028,35.567726995172876,105.88674528396558
266.5307185807859,37.440778304649584,36.18653925159775,105.53519143668697
267.04039405329684,37.36178318177576,37.33119590835718,105.69318168243461
269.9885241543128,36.45848449024443,37.99619179164719,105.31269370372326
268.9021490907621,39.6281069174219,37.97523724213461,105.55456287921007
269.98875417915144,39.27370106055936,37.99881041372376,106.26337459293515
272.0960828506763,38.85599062579178,38.19883672846615,107.0987954624703
274.19590901636593,38.502709075776984,38.44499631007402,107.8053585624999
275.33570362133753,43.5224240270784,38.402872171182636,108.95325401515603
275.1617349321972,40.746189477396356,38.75080954946333,109.99953031671751
276.8947692913803,43.47353794470872,39.83344937205678,111.36789619353239
278.80282450824313,39.62087631237489,40.644426038133616,112.13258880849634
279.4240053257214,42.4340102391544,41.74122639358713,113.52380692616747
279.2853985378387,35.866252560867125,42.01843996935251,114.76485435615834
283.65791782992494,38.725288768710094,42.8800601992628,113.85011134751373
283.1450003133325,35.64807551642734,43.90589523244763,112.79224138455325
283.94874030144314,38.30755048238582,44.705751772953114,112.28796448608983
285.1186375762805,38.86048446012509,44.78035120551304,113.59649051284586
286.2361179339214,43.23053771994194,44.97994186994339,114.59458951206024
287.6881631794876,43.459377713168855,44.5283251065513,116.58938325334681
287.80650932512674,41.20427337833446,44.291632815273054,118.62656340956181
289.1001022673919,43.85449737591826,44.2024301551873,120.82006508772773
290.37090214135594,42.424838647734774,44.1886155390787,123.6793825440947
291.4798792900534,41.458078006872555,44.539085967608656,125.61290382581913
291.6141955916746,40.37779195308687,44.27045336436631,130.3758808382845
292.78136173052286,38.656111525316746,44.60157978455584,133.81924169382475
292.5888405773226,36.08649495695224,44.986622090956345,138.95847483055377
293.80768847031146,34.78706262483732,45.34960297248772,144.35801616229259
293.5862203337653,34.961233893509416,45.79253924557998,149.777695323334
294.93565538684476,34.81769259385459,46.06268425772181,156.002808159245
296.2018681166158,46.4954017713477,46.59238063129821,166.3307299685618
297.5376335548574,72.87861210560018,47.138690658449036,174.70328646910377
298.69324652320324,61.02519430675119,48.1735297767388,181.67979679189483
299.652121371062,61.57637624528813,49.71950835824224,187.50488946926302
298.7398740691148,58.33404329788078,51.54400296213662,190.4147448568653
297.9176187040469,57.173153543757735,53.18851369227244,192.7365243651114
297.28550218814877,56.23204171978564,54.45274672406866,194.61874801305558
296.72742063976756,53.73628307188723,55.56890982083111,195.84635457706852
296.3678892532344,53.488640062092,56.28797259389736,196.34164059665898
295.8709762785105,53.47024936263573,57.28179854334515,196.37842199557153
295.53841469914926,51.590241495660024,57.9469217020677,196.2968688585227
295.2440475028149,49.59403269391942,58.53565609473642,196.43649497411707
295.09569849649745,51.3712477357125,58.83235410737128,196.74776999857193
296.8454304941975,47.40837735261603,59.20850703838846,196.92227691193037
297.00343882613504,8.85399308491165,58.89249037451335,196.32973595347755
296.97901172789193,50.89786336021895,58.94134457099965,197.39999034965805
297.03470147288186,49.175948338040044,58.82996508101975,196.95695288095433
298.8716149196099,48.8005906305883,59.03467025863179,197.70766829585781
300.9367644567039,52.13308103246307,58.797324013738034,198.8285931506969
301.3670648144278,48.11052526297841,57.93672329829014,199.06490870869115
301.4743619251817,49.815524543888486,57.72212907678242,199.5466354858997
303.34977238490524,48.23277660305253,57.865840271324906,198.81759925358207
301.59879099473653,50.66241515327097,57.48089222516383,197.84523297964367
303.5946237308872,49.13616542257353,57.35522874444342,197.03173044945777
301.86404634089394,51.1020422900402,56.96421596286357,196.95214427609073
301.9642849730434,49.17480199816339,56.76373869856474,196.96286737950743
303.8038815478948,51.08415020504536,56.9247165656524,196.984341982534
301.86888361922416,52.98230538699336,56.951236507869936,197.03150753376175
301.57838974180487,51.690065812152966,57.532224262708525,195.77135019124404
303.19338011771254,51.85477484710951,58.13989328557459,195.44193212133095
301.4321197220835,51.71317551782444,57.81812702653798,195.7251307799011
301.3332727281095,49.68918963077451,58.01582101448602,195.93078946551702
301.35083537587025,47.78105332625955,57.98069571896451,195.89816629507942
301.3255034126915,47.9977411014204,58.031359645321984,195.46479074475772
303.1165969689455,47.86308428549411,58.29176680299018,195.7341043766103
301.13534535888544,53.89225903084471,58.403029622536806,195.22947608762956
301.16147159529453,52.536888502943924,58.350777149718624,194.0940500724031
301.2771945368784,48.91604064030851,58.11933126655086,193.6774839583808
299.3324552631221,53.16527102982201,58.189867271357706,192.8169082647654
299.44062204964945,49.46627891493404,57.97353369830301,192.59875036062363
301.317821097208,48.5567777758737,58.02010765053389,190.61678059139624
297.37713745583557,58.59110071448893,58.35392247935225,189.41701584898215
298.9401298404032,53.686435447248044,58.99089529414765,187.93747363167205
298.71743372890063,56.319172106737284,59.436287517152785,186.42574486227335
298.416496139942,53.10476537948368,60.038162695069985,185.3735598633625
296.3124180638784,55.925490320577836,60.50969646070125,183.46873236767016
298.0377580298533,56.620408446472396,60.77721122728104,182.07889611588104
297.9815647333816,56.35798415282059,60.88959782022452,182.60374470318465
297.99261740784266,54.64423405718297,60.86749247130234,182.3184005888318
296.0636472333935,54.16211896636372,61.017054015153334,183.2826307704703
295.75839891360823,50.448830286150724,61.62755065472395,183.25953241839096
295.3902010368349,50.08890345206915,62.363946408270536,183.97938608655411
295.2845361369365,51.4834319436026,62.575276208067386,184.9497064477619
295.08663508445477,51.24869294604102,62.97107831303089,185.41918444288507
294.98776215228156,50.913243449352095,63.16882417737721,186.09008343626292
294.8357306644772,50.96716823801907,63.47288715298596,185.98223385892896
292.7026877395612,49.33394319352155,63.93082277506879,185.44053372017487
292.37069721341015,47.4559488626237,64.5948038273709,185.38774706491893
292.1833846038023,47.328522228167685,64.96942904658657,185.64260033383096
291.7514286533551,47.13774812038815,65.83334094748102,186.02414854939002
291.2656081757956,45.07248986143718,66.80498190260002,186.3029677063034
289.36174758010895,47.35170813818276,66.73940145047385,185.61783279631172
289.36508651066424,47.72359974658188,66.73272358936322,184.87404957951347
287.75753368335165,50.317913453866794,66.09626427784889,183.53698713108327
286.15866374621214,51.61687157394671,65.4730799601387,180.93907089092343
286.4406636510402,56.37347929963546,64.90908015048247,178.97084559068722
284.49422617419845,57.22908360336649,65.06781500993638,177.25963698322516
282.80750676585524,57.75878502267365,64.72872954115718,176.20023414461085
280.75065193777573,53.9060661124479,65.15120369520608,176.52320096084222
281.1131985577232,56.29439527819261,64.42611045531112,175.45002924500466
279.1295220148844,58.17824711272776,64.71843221695822,175.35735689996474
279.22435820773336,59.83516954650827,64.52875983126032,175.72249425418704
275.1987112306284,60.06644023730206,65.21848298816191,175.25995287259946
275.3148323678037,59.98803196955163,64.98624071381134,175.41676940810032
275.60512807441796,58.10737883896964,64.40564930058287,175.49341043962866
274.05089794485986,58.46331505863415,63.83882682337872,174.78153800029963
274.58876160702926,60.693383597559034,62.7630994990399,173.97625431293108
273.10344133664546,58.89111803920083,62.10986408267702,173.95690947251708
273.65929681040114,59.05136604808776,60.99815313516571,173.63641345474323
274.22492475697106,57.17481092009156,59.86689724202586,173.8025129055276
274.5744368790257,59.02467286903908,59.167872997916504,173.67158836817754
273.1445618858279,58.99443160903866,58.47343358648656,173.73207088817838
273.25991406125604,59.345318409344856,58.24272923563022,173.030297287566
271.6514521435807,57.922050094768196,57.93149063831852,172.34867148405687
271.82295498574365,58.41649550469958,57.588484953992676,171.3597806641941
268.3608293398182,60.3825164981901,57.527897069279994,170.9201582654948
268.29298608141613,58.68994164823778,57.663583586084215,170.82025533222134
266.6728148140557,60.456377288458015,57.41781712480845,170.7734930477775
266.6224629748207,60.41471073286098,57.518520803278534,170.85682615897156
264.758010715156,62.050409286773345,57.76344584182997,171.0694085319248
264.36206093536947,60.03501366009371,58.55534540140302,171.60871825341468
264.1044954536572,63.346448755732666,59.070476364827535,172.0130869825528
263.86333602056084,61.485885710389695,59.55279523102021,172.20543780040444
262.036198687992,59.38894277661066,59.66676586311437,172.85901963491904
262.25767589044847,59.15458432470635,59.22381145820145,173.32773653872766
259.03132717987484,58.79091513936709,58.57588957429558,174.0550749094062
260.9137913462712,58.57930435311536,58.35980398910671,174.47829648190964
257.6502972562303,58.26978605342819,57.78495690013793,175.09733308128398
259.67846054672316,56.45476885063751,57.2778332035939,175.1781646024236
260.12167931468775,56.60978603287377,56.39139566766473,174.86813023795108
260.635506756519,56.67292996065184,55.36374078400215,174.74184238239494
259.30722606998376,56.64247783473775,54.52063045005141,174.80274663422313
259.6829122684391,56.83128692111026,53.76925805314072,174.4251284614781
258.30501029388375,58.95424987121366,53.059306362556214,173.6449582009665
259.9816203554581,57.90120140109194,53.14765625465796,172.3094851259594
256.6966257701527,60.06896043045671,52.86907749157483,171.39825103407685
258.3186755429002,56.48897354609943,53.031199014595856,171.74578266575935
258.15480600104587,58.03077575405068,53.35893809830455,172.07632109339133
254.3944177867149,59.81082976634022,54.02994702328346,171.94109682065374
255.85828736180713,57.92264224795302,54.537559020894136,172.282120709633
255.58436001524885,59.47917258196881,55.08541371401073,172.6186059205138
253.72991467714917,57.810557660301285,55.329894667930034,172.49142604156881
253.5851989759795,57.47294430670982,55.61932607026938,173.16665274875174
253.3938051831633,60.33989873545406,56.002113655901766,174.39677061094096
253.17255811955584,61.5982482294347,56.444607783116695,175.3865936163772
251.05911450999145,61.79941163338296,57.14277939656958,174.9842668084807
249.02490402714915,65.66000808350942,57.67537934497503,174.33471594278612
250.4580730358162,57.15327447223275,58.34538914299823,173.66644408855288
246.70446194780237,62.585040816152386,58.77441829410693,173.420200938092
246.56604304777554,60.64968106086863,59.051256094160586,173.74749342248742
246.32075747982805,60.2539400626699,59.54182723005557,174.5389754188849
246.134878288468,56.286718496509366,59.913585612775655,175.32667548820257
245.94401615458634,55.734261893573716,60.295309880538966,176.43158869407387
244.15588629122263,55.16043786392467,60.25748333055715,177.57923675337196
244.02550598238258,54.77797280700801,60.5182439482372,178.34416686720527
242.20447752336304,52.67674216488487,60.51489469993666,178.901221985112
242.35031058377936,52.2831421740125,60.22322857910407,179.68842196685674
240.80295376709228,52.184446784422164,59.65878222896319,179.8858127460374
241.1541674948083,51.90410001893582,58.95635477353122,180.4465062770101
239.6231915312489,50.05422997635212,58.37156562416625,180.49950528569374
239.68846250203342,50.30926327260107,58.24102368259721,179.98943869319584
237.9678140125369,48.453291627697666,58.05520732453135,180.07426864594385
237.91698469699338,50.15609070859239,58.156865955618386,180.2935746807512
234.28360001159564,48.12957317959771,58.163859848210365,180.71672199963876
234.27152827387704,49.67234759359768,58.188003323647536,181.26719998992175
234.32865846539656,47.76721689197868,58.07374294060851,181.43317253592636
232.62360863363747,49.61913129631196,57.83929845559346,181.373887875793
232.7560953874627,49.17799991361352,57.57432494794299,182.2561506411899
231.134907374573,50.73567996170728,57.16967081643905,182.78782070228576
231.4497817875531,51.05516922687492,56.5399219904789,182.14884217195046
231.79855687708795,51.39315157474127,55.84237181140918,181.47287747621777
230.56619412384964,53.36945713801737,54.703144859424796,181.12421880812656
232.9725701369826,50.96406262923439,53.4683155578098,182.3570851010417
231.64593066120796,51.17780630032554,52.549166811060104,181.9295977588594
232.08248496217251,52.542861013663796,51.67605820913097,182.74875600658189
232.53744770301458,50.27045663378233,50.766132727446866,183.7490337268858
232.73330178251962,50.24401019696376,50.37442456843681,183.80192660052296
232.95707767995586,51.99717107174571,49.926872773564284,183.83060259250263
233.12691954941025,52.13274092001399,49.58718903465551,183.55946289596608
233.31920083648947,51.89000506864846,49.202626460497065,184.04493459869713
233.5346995984586,50.13026003528128,48.77162893655886,184.0480330084078
233.65905569079683,52.17811959340857,48.52291675188237,183.46062996011452
233.6738167496888,53.72914131297881,48.4933946340984,183.85395139890687
233.73099325975,54.04784624866784,48.37904161397606,183.21654152752882
233.81683683149586,54.294928742051624,48.20735447048429,182.72237654076125
233.92326281562953,54.486392383307276,47.994502502216974,182.33944925824994
234.1332552671526,52.67392900815827,47.57451759917079,182.49474520126654
234.16472029563022,52.77243128784953,47.51158754221561,182.29774064188402
234.15126229044978,52.82881225869501,47.538503552576465,182.18497870019306
234.14087614279347,52.86989300554957,47.55927584788908,182.10281720648393
235.96009290817764,52.727074243204584,47.3789316752778,182.3884547311739
235.87896209479194,54.432857476360425,47.54119330204918,182.43558619383856
235.70957869340498,54.198190451018874,47.87996010482314,182.90492024452166
235.42847121168023,53.62438469101312,48.44217506827262,184.05253176453317
235.15779607206167,53.18784638794959,48.98352534750973,184.92560837066023
236.62080676009492,54.720077100244595,49.582159003334255,185.3858019779613
236.22517024845246,57.68705584049012,50.3734320266192,186.53665863991492
237.7872177731872,54.00355585701713,50.82283165561887,186.75666924992257
237.83838478111454,53.82453282354636,50.7204976397642,187.1147153168641
237.85228454219043,50.52513853623772,50.692698117612395,186.53718673542576
237.7461111594249,49.07399067574147,50.90504488314343,185.85997925058757
241.42631542113912,49.58448913697225,50.69254056416412,184.838982328126
241.57938576860158,48.963988584734906,50.38639986923917,182.52440428838625
241.7877226890752,49.93265096334255,49.969726028291994,180.58707953117096
243.6010590105484,50.78857673943392,49.82515708111928,178.87522797898822
245.39323320184087,51.377071854960846,49.69607129167608,177.69823774793437
245.13964775314892,55.32509186604855,50.203242189059964,176.67469591249255
246.30244821026147,51.810315408434974,51.3089361143448,176.84165914869965
247.17529800665935,55.28829533918703,53.01751896561286,176.79426417532304
247.59762904059528,48.33591865059488,55.65823764845233,176.7574945496619
249.6601591639897,48.303621228845046,58.60057497385046,176.82208939316158
250.096343630968,48.92273048613181,61.31688317479875,175.58387087858804
250.84362181176866,50.67971182974483,63.44292670037345,175.69050807853802
250.14658299640251,49.66733899719445,64.8370043311057,174.05455887806474
251.9447288142601,48.19103107728509,64.90317331780076,173.34471409547325
255.69264062611268,44.51943572183072,64.71431167479543,173.3809428256821
256.1028110255829,45.6998820309752,63.893970875855004,174.6706477516608
259.0879586698478,43.15438236519202,61.5779386587693,176.10738401178304
257.9452744075364,46.39250888688923,60.230489777593746,176.89676577998546
260.2410757795504,49.28437545444032,59.25841989377834,178.3520983653084
260.23464969139843,48.87219504076852,59.27127207008218,179.176459192652
262.49295518784527,43.76114319703454,58.38911456729816,178.495202409791
263.330888627337,41.66548720166138,56.713247688314766,179.0779186477258
265.7787534794461,39.477483276115606,55.40358355999963,179.8678609229142
265.75452832643145,41.50551486590419,55.45203386602901,179.3848943391601
267.5603645934363,41.41437485529441,55.40750927589413,179.56717436037965
266.95530175650975,45.179080676766816,56.617634949747206,179.17557923704445
266.4275644830011,47.58774769535157,57.6731094967645,177.94393494061825
266.3420312431921,41.74881049616911,57.84417597638253,178.858953030166
266.002956420516,43.48876305375835,58.522325621734666,178.98280960571472
265.6959809226184,46.690130590472805,59.13627661752987,179.81601703268277
267.2141430812971,46.98872750635965,59.74102859619724,179.21882320090907
268.438597015177,47.81769787263741,60.93577674027732,177.56088246835355
269.77481586891685,48.809858038296966,61.905198664779256,175.57656213703444
269.5582394046194,51.642650878852294,62.338351593374156,173.5421628716589
273.3825294840654,53.183670847350186,61.90972746534314,170.4601229346631
277.41182747628585,54.27556186600334,60.96742630101779,168.2763408973568
281.3583647740598,54.62135141309436,60.094081852168735,167.58476180317476
285.34265975008157,55.19913777296169,59.09382015302179,166.4291890834401
286.0510932389602,55.64224629107147,57.67695317526437,165.54297204722053
288.6236574201669,54.96173533112065,55.94295042149032,163.49286835848295
289.297830132714,53.894752400484535,54.59460499639613,162.27652305922695
293.35769271238075,57.350402409909734,53.09162004495056,161.98196324826446
297.6640073518497,59.13838371272665,51.032319420667875,161.6826649699582
297.8944775917773,57.94440831329534,50.57137894081272,160.83606096089963
299.86929106890153,58.590275810843366,49.83579869656826,159.54432596580358
301.59932728461763,59.919635399202406,49.55788272745743,160.06776325140686
303.15859940210004,58.29142603519658,49.6237837240049,160.1397367479063
304.89536136921527,61.19440278268668,49.336942762229505,160.7071491978363
306.53586668949697,62.5820300784648,49.24535329593246,161.12131578054644
307.9960332256638,60.75141114564033,49.518613759237084,161.58896011055708
309.5743734996731,62.03018078355828,49.56720767550924,162.23669529901207
309.4135142284911,61.76655807164198,49.88892621787315,162.76394072284467
312.34214097872757,60.048329791522235,50.48921440105794,162.97162644125535
312.0749491153478,58.344510476718824,51.023598127817465,163.1364529507029
311.8407784886132,59.290907117979685,51.49193938128662,164.4986754726533
314.41507806151674,59.205888032386824,52.909292322351206,164.66871364383903
315.95147080653334,56.77460646494838,53.148001705171815,166.2197819058621
317.9173613067701,59.30807803631174,52.55413170595497,167.8286607656488
321.5717679896888,58.4963975433204,51.94491822046377,169.4520217516315
323.6049990797984,56.12306053090185,51.24001068738568,170.83714112932756
325.57723465904303,56.044280049350576,50.66364524895529,170.99470209243012
327.61179794039685,57.76806749095152,49.954151187571426,170.90675971055202
328.05919029858296,57.52673952962789,49.059366471199255,171.3894156331993
329.8974395319058,57.549178306230374,48.71819940684367,171.34453807999432
331.49135993791316,55.768272706239884,48.85868572300566,171.57802215179856
333.07237350627815,55.44638026197043,49.03090526155886,172.22180704033747
334.6704427571151,51.72509946272699,49.18131657352872,172.9712690115367
334.4559164008516,55.16869699236939,49.6103692860558,172.80394800232048
336.1025635654362,51.12956647145707,49.68266045499621,174.1510380479257
337.4800281711023,49.23821096828401,50.31368364310391,174.547796654832
338.8366307443453,48.86184553502147,51.00380833741913,175.30052752135708
338.30616991789367,50.73647571837819,52.06472999032242,174.97809213933857
338.0267037102422,50.7404091863378,52.62366240562536,174.97022520341935
339.5963857669959,50.83307738047618,52.93656016682513,174.78488881514258
