87.5,237.5,31.0,78.0
87.89490336194893,234.2635571662284,29.21019327610214,78.4443848400956
88.45914631409019,234.78252322424527,28.081707371819604,77.4064527240619
89.71430307885853,235.30635926859895,27.186586091738953,76.35878063535448
90.91167826929176,236.6160204907846,26.375837725529973,75.32346020564069
91.92181876027726,237.73579984217716,25.910054158856912,74.63839891815356
92.87129241434695,237.70248619191344,25.547357674379167,73.16877539501941
93.15348121924097,237.84130558214315,24.982980064591118,72.89113661456
94.06916102099342,237.90034048441527,24.64607005524782,72.77306681001572
95.56754203781735,239.45018969257927,24.622549092141014,72.64660946422885
94.94409358316871,238.80173461273665,24.385056265973667,72.4591298884494
94.30029586830273,238.719634935628,24.195270010385716,72.62332924266674
96.47656733421587,239.41223284252453,24.271472744967557,72.71438198434305
95.21958698166534,240.7456444514152,23.827556164830455,73.00543605179989
95.25639633967324,240.02352059469555,23.753937448814654,72.97473853587671
97.56482877574848,240.82851150300831,23.55654612177203,72.83791456762052
96.85888522593869,240.7498111394851,23.500844371159683,72.99531529466692
96.94092587033865,240.79561591308396,23.33676308235977,72.90370574746917
98.56915239455539,242.26450652282674,23.009275804955426,72.89489029901283
98.59420851197648,241.47907373787328,22.959163570113247,73.00742816801102
99.3033983338454,242.27393012500335,22.999784399791686,72.87671586716716
99.97805847649792,242.29289738702101,23.108359020173257,72.8387813431318
99.87750178198812,243.6841099417154,23.309472409192864,72.97507024087554
102.0103064000651,242.44278250771833,23.438845270012916,72.52773704422029
102.02095726874819,244.01960230321893,23.417543532646746,72.29613696921164
102.12736785728984,243.14592056281182,23.204722355563426,72.5861624859189
102.91088173706632,243.91298957249327,23.09523952337841,72.509569393924
105.03059138026816,243.08948996731047,23.219148197219525,72.70212595087462
104.39507198550352,242.2345728606426,23.030730186603133,72.95250336406464
105.88941987330361,242.17126898914216,22.961115503317302,73.0791111070655
105.982502825156,241.89679947378588,22.7749495996125,73.62805013777808
107.48408276482348,242.45945904238857,22.70058978588846,73.96713103337808
107.49949918906272,243.09090147907003,22.66975693741,74.17207621252787
107.43229282704975,243.0906667006202,22.804169661435925,74.17254576942754
109.60782990826264,243.66199999101408,22.871063994439716,74.502535353783
108.83035089282151,245.52713030011782,22.947453308155087,75.20798088707629
110.28534476285925,244.69053291058304,23.017415693155897,75.39120060360767
110.87267074514962,244.22771781892442,23.33662887130448,74.82296564419559
111.5473907708257,246.6937801997596,23.478901955605757,74.3659802894856
110.63640583489186,246.80028322024515,23.813016405435,74.1529742485145
111.3031560839319,248.12628416255455,23.970498369545677,74.4829372882772
113.49483376553898,248.24939891707038,24.08283562433591,74.2367077792455
112.72565484325243,249.00177136356726,24.124063315573217,74.22909303958755
113.60737415525989,249.00239402960977,23.858403638193355,74.2278477075025
114.46847235327407,248.67063193700722,23.629087609842692,74.89137189270764
114.42447971918637,248.55480981804695,23.717072878018083,75.12301613062816
114.33445687764778,248.31476437386945,23.897118561095265,75.60310701898317
114.15205180467737,248.18338525514162,24.261928707036088,75.86586525643881
115.50464497249735,250.7632153477516,24.603867813289376,75.27689323405876
115.25949214415161,251.12620926415684,25.094173469980863,74.55090540124829
115.96516195811317,251.38385362797374,25.20295940832668,74.03561667361451
115.95548805573883,251.54924872354454,25.222307213075368,73.70482648247292
117.61545755175166,252.28747683723063,24.923190269825724,73.73878127948872
117.7601745397921,251.0833153167442,24.633756293744863,74.64166794467934
118.39044530205337,253.4231349524996,24.886207421845377,74.50100663103765
118.23450391253566,251.7498643071562,25.198090200880777,74.8163220428471
119.90844519593111,252.48772676359945,24.901815394747857,74.86640101028962
119.93542337507799,253.55413146874557,24.84785903645412,75.77578881652225
120.7316891477444,251.99074710717187,24.788372676458685,75.83646716899483
121.539775103459,254.1731844602367,24.705017547220336,76.0700428094375
123.14987564917078,253.9586712985553,24.554030036554263,76.49906913280034
123.20510026179902,255.67918237302592,24.443580811297785,76.1339011327373
124.11750584865543,255.49331748197375,24.149479722357086,76.5056309148416
124.14979839800851,256.0003667849064,24.084894623650904,75.49153230897625
124.92072191848209,255.38865327626792,24.058038022368358,75.19996888658875
125.8307508206689,255.4101344502391,23.748336938320172,75.1570065386464
125.88196452487567,256.31166553503937,23.645909529906625,74.8579889000398
127.40663564358769,255.5226334524028,23.59239570840021,74.93813885735408
127.39417288373181,254.7035779144416,23.61732122811195,75.07818497296377
127.31393479180402,257.5496926241053,23.777797411967548,75.38800048837554
128.16226310992067,255.86311996304832,23.589005721560447,75.74541591883705
128.88151330895377,254.945448337897,23.659956774575324,76.07130771805862
128.829939908763,255.6557063517319,23.763103574956844,76.16617360263945
130.3250027879965,255.82309316427921,23.81024035536948,75.83139997754483
130.28814362217338,255.17491919551526,23.883958687015767,77.12774791507272
130.20971788294798,254.58137574211065,24.040810165466542,76.78033968353465
130.1142436299375,255.82045230909088,24.231758671487487,75.83465206573801
131.7523610554052,254.95838500525218,24.000652697387526,76.03622223499772
132.63792326884635,256.6399754926525,23.75069773212334,75.71538018343328
132.6919790719012,255.67106704343377,23.64258612601369,76.14118769525035
134.32872501384364,256.39074702882374,23.401197787165593,76.21787949698877
134.3387813283996,257.42705304534536,23.381085158053672,75.65794438888938
135.74497490394066,257.8966947492642,23.577439584595815,74.71866098105167
136.47342014214368,256.61260290862947,23.615224573744932,74.29749373121098
136.47238310761946,257.7679802860217,23.617298642793365,73.47613375552876
137.12386433450106,258.3305324541913,23.79210739557804,72.35102941918953
136.40856578504687,258.1827205618589,23.75771340109083,71.18166211045876
138.57480816278698,258.32936367673324,23.768404562860816,70.8883758807101
139.25948098144195,258.8387116045128,23.842805022483997,69.86968002515098
139.24511567741615,257.1899758314606,23.87153563053563,68.87536646312552
140.6568826189598,255.6131047662999,23.881886448555505,69.19522389233964
141.27214104740642,253.3195989359993,24.073062228175413,68.09546500688839
141.43151072818708,254.68923731559707,23.75432286661407,68.17513769094664
142.09181294418087,257.0497183600408,23.838538487246808,67.66863575992022
142.73913298485502,250.93752332066416,23.94301981714543,65.90181172620424
144.279077307839,250.59192244425932,23.6146613223241,63.84148332786735
145.83900492763445,252.1787907330278,23.175494442764972,62.00809093034634
147.92494197307528,253.51911900883655,22.922104497894153,60.633595760732476
148.5233874868891,256.5794234187427,23.007108641606138,58.35867245493914
149.8012949997358,256.96275390466775,22.952794350654013,56.34126111571833
151.00520091925404,260.10598365295766,22.986455617597404,54.93774783109828
152.14113664647894,260.8972882159659,23.116757361262366,53.35513870508181
153.27346209828966,263.00912351250867,23.213126835052257,52.67299867811326
154.35756930470163,264.3588698670437,23.389568082171294,52.31816162898615
154.0459345036246,264.1145282311563,22.842551837003718,52.80684490076086
156.02526671981437,264.57900511901255,22.38708288871171,53.04562295307761
157.139497362681,266.5545042235613,22.484879662850645,52.584011833788395
156.50060747992805,265.9929580738198,22.604472378469744,51.390730033497775
158.39936349660448,266.5715393242692,22.23602505971253,51.37658910413083
157.49456738010343,264.2766487887464,21.772979621455605,51.42109483265845
158.74879387467772,265.95742815909585,21.522075986263165,51.44586012289378
158.279438943142,263.6448986855379,21.33610056966566,51.57217795133411
159.392797143276,264.2318380669009,21.355798107193884,51.52150615750623
159.8763328295737,265.37764175700545,21.511552434041135,51.47555017618237
160.8833547270516,265.86394917795957,21.747363240186438,50.50293533427403
161.88059092548588,266.92338853298054,21.982977787757424,49.49910009645193
162.4744865873991,267.5489521421162,21.899841358945856,49.352627773195486
162.98101264266114,268.8630654815623,21.987857159799074,48.92653691705795
162.96767236936105,268.91202495046196,22.01453770639926,48.82861797925866
163.56553566107917,269.4635915255236,21.914290647078765,48.82096435325102
163.86481473303817,268.0616200371617,22.40934049086551,48.34408336686059
164.31686477487736,267.697907743469,22.60059431230834,47.976154049124695
157.11681163156652,255.53997283051464,22.78731476721198,48.23860169827986
162.7649122956849,259.7595152700606,23.595720793120925,48.60286762220299
164.32004721741237,265.1390795494794,23.844867130477567,49.04179299940401
165.27184001298227,266.96096366683656,24.20237070829454,48.789658518124824
165.27069553818313,264.3874199529792,24.204659657892837,49.40450619069542
165.45161289518708,265.5082940318243,23.84282494388493,50.58903032594923
165.6797787235361,266.1767975785963,23.38649328718693,51.55818492458156
166.68024034007948,266.2964740050247,23.70396565016116,51.31883207172477
164.92246930260407,265.2726886592404,23.735668176751496,52.20512291384005
166.75020913425942,265.3696388638733,23.604349791632572,53.18594293063804
167.41173391749282,264.21358155429095,23.4679519018598,54.31140587310874
166.43281929131712,260.6557846387924,23.024673915323703,55.42423160688699
167.02677143329723,261.25899971946984,23.045557789891156,56.63537776258748
168.25120145651033,262.22954347763476,23.04995245222916,57.14754495502177
169.49445912264753,263.66511797134336,23.031606786609224,57.97865046758626
168.9221640335875,260.32741484198993,22.930475133124748,58.425447568270314
170.29598135315607,260.1435668017245,22.683519380852083,58.793143648801205
169.81472164481758,260.1632856122539,22.3948410575412,60.0049037677303
171.17812026901169,260.90084173377164,22.194822945184768,59.79318109271076
170.11483575713459,260.7675421369943,21.80789096073003,61.31653079036985
170.16181428437076,257.63122372866667,21.71393390625767,61.23144898118525
170.99698172726337,259.04198578509295,21.31222275249729,62.21579606440713
171.7018968327905,249.88874616799495,21.17775505144284,62.66720015860564
172.3595114205105,246.78588459256912,21.14186643172335,63.755561086575185
172.21652435493357,243.5048730051799,21.427840562877215,63.84669940894881
170.74872713183274,240.73761673388356,21.762022787327187,64.178387508038
171.20316073871646,241.77355936560758,22.164690280183024,64.72957165783657
171.99379679153986,246.46971914667236,21.910153188968053,64.62439719672972
171.746034712492,246.72407694389815,22.40567734706379,64.11568160227814
178.85785675701646,262.8104685404695,22.728072736546586,65.00207904216221
185.9029989929947,264.1514564860533,23.38745376667186,65.0018605150095
187.0561243531187,264.7406721510178,23.786883729544506,65.17626952664075
187.6030970800277,263.71699601081684,24.055499998835675,65.86106008393355
187.50335871872423,263.6703062634768,24.254976721442638,65.95443957861373
188.03066093990432,264.67569316491176,24.582528072714435,65.32582156937568
188.02490164820583,264.4642340617815,24.59404665611139,65.74873977563621
189.3511471052843,266.61100077671733,24.712205500921037,65.61118098421434
189.38945931407068,267.4737945724945,24.635581083348278,65.27107407575545
191.37125693278705,268.0764077648838,24.809661245122275,64.06584769097684
192.15012782776918,263.87586616732403,24.61697441739604,64.27660111266837
191.38426970330516,262.9277180439717,24.784067055166652,64.80827374821563
192.0474128254547,263.379305511457,24.833036055803138,65.28035405818054
193.25467009159573,264.13376531901315,25.18433977141526,65.15434356701537
193.71789754342916,267.0747758407237,25.645292467051178,64.82195292080576
194.44132509775207,267.5164775178909,25.589321099502563,65.32943330756856
194.4447770575338,269.6296695419459,25.582417179939128,65.29458855476929
192.15152809313304,264.2158207013045,25.97924924007086,64.94984391959954
194.82010846330778,267.7384209822429,26.236847274046006,64.8980918256284
195.96353797549196,269.8822437686728,26.75506662126096,64.81806381014346
196.4391169938936,269.65183265926856,27.214517378079044,63.868277235330616
196.9248488001835,271.0294916110631,27.648092477792225,63.92303675632742
197.018813603012,272.49544277785975,28.873657598587968,63.81812387563971
198.48400394586508,272.56830219976376,28.810368115314482,65.105950633048
200.25580619501312,275.6561215468938,28.169007918402244,66.18592269224763
201.07756064201328,276.59103351385215,27.980938491789367,67.22697769310565
201.92410116119564,278.026317756515,27.7550031304882,68.7578462389707
202.119337608356,272.6009249102032,27.36453023616746,70.69742793224809
204.66341634897069,286.75369802316237,26.79472460383232,72.51422736562459
203.94631991075718,273.76528360378234,26.706994302137968,74.14028535444277
203.59056460353116,272.48742157079886,27.41850491658999,73.60880161326256
203.39709229920354,268.89327854787496,27.805449525245265,74.60168131806216
204.26702594001446,261.81117724038364,27.63563402235533,74.63541792445767
204.15669131815366,251.42162314461842,27.8563032660769,75.03737774599564
201.8730652599064,252.853752154145,27.691924017789713,75.3275406367969
203.54666703703248,255.81856849122482,27.50151888265802,75.71150480087832
203.97423737555573,249.74854462737866,28.226830872919727,75.2079311901054
207.06751989956197,272.5752171719016,28.38559123355517,77.14452666591896
207.83738184724416,271.7627771545911,28.462803505368615,77.15247053336213
208.6519079416407,273.26982214484127,28.45219507716795,77.37526807404663
210.8217168867375,273.5610857016027,28.976903395766026,76.79274096052384
211.44623979359665,273.9996062948695,29.35041151917185,75.91569977399013
211.7308814181825,274.25484015669707,28.781128270000195,77.0219093988675
213.43043345549933,273.2726655714372,28.626652167552,77.36394458329453
213.55083363792846,273.82554498675506,28.38585180269373,76.25818575265868
214.6090240350438,277.75033122667094,27.873718154264722,76.42984900183552
215.43131357771387,273.89830151390413,27.826598896158387,76.14660929120039
216.43236803214222,276.47143263583854,27.417045220419823,75.77801274668603
217.5039579703796,280.2348310984267,26.853740969454915,77.73046957456883
218.4131735847685,281.03921678851015,26.63284230371578,79.31676332047927
220.20782812420413,297.7646544634268,26.27574447760766,81.42021175104026
221.0637234235117,279.1171765700261,26.20342840577973,82.64672794852277
220.2144359882767,278.96548854617333,26.246444323104157,82.95010399622836
221.88227769210363,280.0790255562039,26.23207413355244,84.04434319426929
224.4400708935834,275.37709267891046,26.14422806230167,85.0686417293415
224.46561737261237,264.16417017217213,26.093135104243714,83.85116282330074
225.11845358072125,262.681250013763,26.458072121969654,83.47578427223169
225.86129773752967,259.155088322603,26.644398961454794,82.1680318890422
225.94504336038602,275.87646394296655,26.476907715742072,81.86271145213172
227.62175054590045,271.29876702575433,26.422407321021936,81.12136335763009
227.61665538865924,275.1976641539517,26.43259763550433,79.87525553356562
228.53296737441806,278.3518636812812,26.220363477281825,80.04841573208714
229.55547096888833,278.1678927400361,25.79431892623052,82.03532025246665
230.91415808346292,281.2472363463997,26.355633196960092,82.43401003949687
230.77542045930974,276.7096650713032,26.63310844526643,81.57710428750433
232.35550634777672,284.31551978074197,26.769468677638784,81.19978891050512
233.23693339197987,285.4567500016613,26.65201604006352,80.56272991949756
234.6791718805522,287.01235662115994,27.035915504537503,80.7198931221188
233.7914608122524,286.2960494931051,27.16788723409928,82.15250737822849
236.3091871311296,288.5045283809406,27.13119057242715,82.73430557863979
236.13609105425223,282.6477046483491,27.477382726181858,82.73097807533838
236.78459506654573,281.88745838443384,27.86052382304873,82.57132148171502
238.4045258781017,280.0237179657784,27.99042811555306,81.24415344560136
239.1225854996561,283.07279360444863,28.22264941235155,80.15102378798272
239.1655951526417,284.4827478827132,28.136630106380338,80.64505100010335
240.84523594638344,280.5343641447441,28.102260446094036,81.89199462164734
240.87976638189016,284.9901720677917,28.033199575080566,83.05806673490714
242.65016000300716,283.0465111320027,27.882350938285285,83.55545000104638
241.9114246233588,281.2858531576006,27.66052882926553,83.67818021321776
242.7148920072292,280.96246986378117,27.750572430713074,82.62796843166838
243.58997977602758,281.9822563598027,27.68407727342195,82.27207581993093
244.44873128407764,283.2021867557482,27.643971986723805,81.50961275744189
245.79865876498377,278.31742665216666,28.275728860326595,81.28429745835967
245.46896610977248,281.96000821621516,28.935114170749152,80.69556242995186
245.57482484621647,285.6224094056779,28.723396697861155,80.08144674422834
244.78101991588082,287.1847556185932,28.645948664898185,80.28687010566645
247.29879427817392,282.1666676943378,28.610169674519682,80.32350648576184
249.22700040299713,276.4141552868562,28.086686600475797,80.16327918611617
251.6906018478719,276.4682600815584,28.123501051113752,80.05506959671173
249.75979714648193,286.2890026188322,28.677516762809354,78.60534982312811
250.8451755312371,279.28161588836315,28.149877959422362,79.47517955507936
252.45379907520777,281.2709858059327,28.224622120340793,78.78843096879999
253.1651621858302,283.5609955421133,28.439435161350463,77.48349002094791
254.11708723431894,284.2712768895201,28.15834587751894,76.06292732613434
255.1032114884648,287.49175580227103,27.78344478580106,76.01135916692793
257.4226178948714,287.9883585809473,27.91415166337062,75.01815360957538
258.1877308441778,287.62150423325954,27.96190388068122,74.17388418902749
259.11899420025435,287.3797695833247,27.666114973775485,73.09061568364982
260.7690510215845,289.0337462288598,27.457765066419167,72.87442612788352
262.4906746068412,289.12025067108345,27.092584207866327,72.70141724343627
262.8544146677086,287.3733436772128,26.365104086131538,73.1352786777771
263.6896857335314,287.85859683197896,26.217606168284554,72.16477236824483
264.5756958581994,290.1555994733696,25.95208140410552,72.09025354093468
265.5956297518469,291.26301184178584,25.412837969434772,72.87667750935064
267.4018502746699,287.4031332903828,24.804537714116872,74.58815303150021
267.47953635048134,288.85075652728585,24.649165562494122,74.72362409922675
268.38683564188955,288.2353397243414,24.349007645084775,75.95445770511576
269.2850617060986,285.76066103681563,24.078978061841504,77.85096998981749
270.0524428185931,286.08392056702775,24.092565107016977,78.75280019955763
269.8953188168658,285.88695243479174,24.406813110471518,79.14673646402966
271.19668177918726,282.835829789309,24.949631468392425,78.95789318986758
271.8493954846982,273.02678210554194,25.224317199391336,78.03451771113177
272.5192589825763,273.20223222846283,25.456647468585167,77.68361746528998
272.45620558020823,273.74029317155606,25.58275427332121,76.60749557910354
272.36281385210236,273.96533254602355,25.76953772953302,76.15741683016859
273.8844030846906,273.94204963103346,25.83704309153226,76.20398266014872
273.21483499269596,274.05030936104583,25.618941506609403,75.98746320012403
273.13899871456294,289.2369705522129,25.770614062875435,76.61755480947856
274.82306286253447,287.31221329686525,25.526314815006792,77.34324027209937
275.6398932664816,281.4584139231581,25.460425467716572,78.07643879528511
276.28050151798897,281.78339902667005,25.756197294839083,77.42646858826119
277.65682169098375,287.52821113584696,26.149887261644047,76.94900046468807
278.2259933272353,291.8472953752089,26.585105954732988,76.17864181392468
278.8667523673774,295.8138506549483,26.874094466474737,76.09806421457557
279.61547293446057,295.06547110044556,26.951260852755475,74.44560828268698
281.229449106733,296.2657039031152,26.828091417833598,73.5975341321593
282.2147960631355,297.55240413032635,26.395429714534096,74.10019809674819
283.1684310415773,296.6237217467997,26.025544745721337,72.8827928876595
284.78189678914026,299.92841976678466,25.825179865942104,72.3265300783828
285.7485935005139,300.5356251541552,25.393488560693335,71.11211930364173
286.7151746476028,301.35721200268085,24.936848804318572,70.94546814439353
287.47290828728774,298.96836506732103,24.88723655413696,69.85974189836035
288.2804671090918,301.7337340590012,24.72156745281311,70.1267980841368
289.09513858179105,302.6832783464046,24.5424808726123,69.6779658745277
290.5229773524866,301.4858241950635,24.567994173476144,69.19168333495503
291.1936978439689,302.2872996501129,24.66066708954527,69.02284632389004
291.17094605868255,302.5863593920948,24.706170660118055,68.42472683992625
291.94379280615885,303.90432262674216,24.586133856157595,68.64011375261597
292.721664882058,304.1770589485334,24.456951451884116,69.52120285655843
293.3114698922236,303.0979364244655,24.714145153308895,70.2426441829382
293.8712618843754,300.96711232774885,25.046336719840735,70.14896572386546
294.96624131231306,304.21948469521686,25.76930974118996,69.47008474337873
295.55537014027726,304.5443904193736,26.050878706299677,70.2800999161034
296.5384845607018,305.2840445071596,27.03766426927765,70.27729894244504
296.41249009271473,306.0414885238747,27.289653205251817,71.75085216496882
297.0652677982839,306.352631760002,27.503992696252624,72.64846059485335
297.62019281633235,302.206425921106,27.930767124626822,73.25774995028955
298.06492826142636,305.3954405834822,28.594333386524866,73.0918692338813
298.61338079885473,304.54676533688837,29.059985114865512,73.2266629238716
299.28129471114283,305.12326858108383,29.296981598974348,73.64648074416567
299.9347724819309,304.9698048351377,29.57312522318392,73.95340823605781
301.5415797711546,307.0367640613752,29.544405982283468,74.59683278990325
302.1043523066994,306.13538742287466,30.02005453585931,74.79839244223885
302.70056348276177,306.726511282468,30.44022076180547,75.22873330112307
303.6596253250856,308.0642642090754,30.148375873677026,75.8057850409467
304.5810129773751,307.98348759313467,29.9349804070646,75.96733827282816
305.55987328504824,307.8176767153237,29.605149019861756,76.29896002845007
306.5458020824847,308.36300403822065,29.260041149798553,76.83505510746596
306.600627180182,307.99764878010603,29.15039095440396,77.56576562369523
307.54827382068885,309.51861065397344,28.891857336029922,77.79736120123981
308.3780515803203,305.81685166066325,28.86772198094569,77.02377836696684
308.50769436771463,307.29967552862405,28.608436406157026,77.30593195401147
309.2675016500671,309.91966358669214,28.712091154577926,76.93576377725309
310.18811933576086,304.16359527385254,28.490691336843902,77.10905152735809
311.04715329535225,305.51165923816427,28.39094874436836,77.6495742521492
311.14631225561226,309.85910076869544,28.192630823848383,78.7002624902076
311.1349969594312,304.38883375686163,28.215261416210513,78.19090069303523
311.019183132955,307.5886353852218,28.446889069162957,78.306608138818
312.754306342504,309.2935758447813,28.24599031539801,79.8007487176985
312.67917735976243,305.74496620768264,28.3962482808811,78.63601854577257
313.5073771154847,308.7919431150758,28.378317552288404,79.09593986239378
313.51125242709725,314.0255172805691,28.370566929063273,80.14182709300454
314.3230907058016,308.23081873576564,28.40641265632579,80.11456818991343
315.1605625678742,309.13273572526504,28.391252429066085,79.97051770780028
316.14436402067633,306.0418254760121,28.08110033027797,79.5225349790413
316.99612615725346,307.3107231531595,28.022999467312466,80.27558644512408
317.91825050757694,307.3815990896144,27.833868165105983,81.78895197065475
318.7520944016552,307.9920335192813,27.839431876735574,82.24133461110709
319.59236876628336,307.9756470059122,27.8386809702748,82.27410763784519
320.40623892826494,307.9829078717183,27.891191572774346,82.25958590623301
321.1120870485045,308.4012186894589,28.160498165737554,81.4229642707518
321.9873568820549,309.6330668661322,28.083946295950973,82.3072435120338
322.8230960601624,310.513587875551,28.097667232829643,82.23140078628984
324.6080864310983,312.1108360990017,27.896423875477215,82.40564172390785
324.6096794291216,314.67982841878256,27.893237879430558,82.3171937708102
325.08374619629365,310.514136090041,28.626965170932046,80.55741347321992
325.86241222000615,312.1689657378334,28.73974402577202,80.58797598216498
326.8114035803839,314.581287044192,28.514354279176477,80.78111229192785
327.01744411873744,316.46746843465036,28.10227320246944,80.35127363142092
326.7813887882509,314.5189888059654,28.5743838634425,79.27531620193898
328.5248379526829,316.62835573777306,28.389155139170253,80.00908674521135
329.3287141002999,316.8105612470285,28.43936652746104,79.64467572670051
329.3580231252858,316.09512671786626,28.38074847748927,79.42187667818956
329.5487755256369,318.0742527709185,27.99924367678708,78.76246796163888
330.35301128860806,316.2292033408786,28.023854166389,79.18640279063011
331.2422231563286,318.1514340028645,27.88501437256474,78.62110934989194
331.3571869129811,316.64894098765114,27.655086859259775,78.36811477058282
332.3096020634405,320.4782433004065,27.37146010651104,78.81552788592182
332.4322870119043,322.87105232209495,27.126090209583378,78.89721038298997
333.2816313906365,322.6655262212559,27.046531773914005,77.68913226287302
334.3561360089014,320.83045356598154,26.49797438281137,78.15837388256772
334.48691127785526,316.8533436919595,26.236423844903587,78.12686949156479
334.9159624096168,324.4926675912231,25.37832158138049,80.35932199761524
335.24982963216274,323.20749394912366,24.710587136288652,81.321771230219
296.1303648570247,308.71378211374423,25.707754866894085,81.34353421860135
296.9931050891672,309.2503721151963,25.610208335707192,81.89828814879536
296.68622939067023,307.82120407473525,26.22395973270113,81.48861516069839
297.2905089501026,311.91691110771785,26.654894981985084,79.85517856732764
297.94442544173546,311.280621803896,26.971235226996335,77.87941071841755
297.8697491345607,308.8165961888086,27.120587841345856,76.40027788092867
300.6101608474846,310.8950261362785,26.3899572899375,76.99361086042835
301.36521759624907,314.02936513355064,26.458420352340383,77.03923910561099
302.15896186941376,302.0115159031946,26.451406687525076,75.7873394620971
302.9874474135882,303.88485395428256,26.356927051825622,75.16564626522003
302.9002372227601,300.5140280023361,26.53134743348189,74.14779217997311
304.3659335667717,302.23697434046625,26.681013171546738,73.78295792980082
304.3213037062519,311.42206039174914,26.770272892586206,73.86907570540146
302.7740346384051,314.157928129563,26.78306906301779,74.56082416029774
306.04965125248344,311.7875799520651,26.435810760017656,74.64853932142633
303.75507377647784,312.864312887016,26.387113987361648,75.58697460130256
270.2149398128936,292.2595631425763,26.45346792056208,74.71796995443452
269.6254444629764,287.71478684181733,26.08519594874814,74.52394652606331
269.6536172388139,289.53162295378974,26.028850397073167,73.96588080451336
270.3381878983015,292.2714021929617,26.18852231005189,73.07276202203127
271.09302723020704,287.7097838353232,26.197795742668184,73.08228615874397
271.7494393474352,288.94970263266606,26.404227765452358,72.1217048212987
271.7055872848632,289.0799345669925,26.491931890596373,71.8612409526458
273.12677163875156,289.3622370656996,26.663779698547337,71.29663595523166
273.7447666809458,290.0873379491877,26.92990914676882,71.3485537208654
274.4260007733968,291.80614236179724,27.075096197093988,70.9262553661008
274.53238287217556,304.1890730697639,26.862331999536508,71.73192552730758
276.3504240913833,304.95537483835966,26.25011889343573,73.22319132243054
277.1952682405467,301.7397981769665,26.082648879606808,73.56547150722514
278.7734546518683,292.1480829861625,25.97442026640313,72.93596452747634
279.1373709126609,295.73771145923837,26.759703779356087,71.80917171947735
279.9505257285248,294.45826288844717,26.644586571650585,71.34568401301517
280.9125141021061,294.32416578409465,26.223086429282386,71.61387822172023
281.4095913567504,296.67278284074257,26.727644092250504,71.41278062519483
281.7684473910761,291.409710446707,27.5148665657592,71.40438361814529
282.7352972937305,292.24376511378404,27.100133228415096,71.25524075195587
283.68518724398837,292.2848673215402,26.70973139077872,71.17303633644349
283.10798460431175,292.011699309994,26.362961001220718,71.71937235953588
303.407286286651,271.29807349642283,26.338572097357645,72.57240952586284
301.80828696649223,269.6308454512456,26.507541721303365,72.87783659984547
288.01467907973773,303.2441839447241,26.69984308401785,72.61650595038613
287.43673908537176,301.1594193783526,26.334048213453638,72.22101050524071
287.4879240436779,294.93691715633037,26.231678296841462,72.59077023741648
288.0355188697653,296.0486949357585,26.649331548986318,71.88005758287994
290.4969034157828,304.22168585704924,26.257215912472994,73.65668956238514
289.68101633184233,300.07282932013476,26.360448227366703,72.7831515182905
291.3991086450837,300.5182513340721,25.960112652776154,73.41023201636189
291.3206456783293,302.89286840837406,26.117038586284906,74.73952161006325
292.18648343551007,295.02893031220555,25.92682181329342,76.59426913006993
292.1263173789802,302.287072457575,26.047153926353026,77.72234956056454
293.25184120480884,304.4741752597344,25.378805251547387,79.67893986365185
293.17419510067435,289.555806664446,25.534097459816447,80.74716042825969
293.5823983780771,269.95840671203877,26.333962650013643,79.5351667080075
292.2075087810492,270.6264722117308,27.469996517822814,78.1990357086235
291.8545566490627,270.3170596284136,28.175900781795825,77.20243324533442
309.20670479020526,273.67291253905694,28.979093949760784,76.94663459682045
310.0148749035631,266.3375764705959,28.98755367528217,76.99410716360934
308.4049223060917,266.275031749618,28.956193172061823,77.1191966055651
287.6013360885705,267.39564102134,29.89182647914481,76.50483962723948
283.29585591870693,268.1898793865495,30.32856581886494,76.55120709682194
282.3973475947864,266.6753804067483,30.48225800854044,76.29355614009351
282.54702704967013,268.12383590523416,30.18289909877308,76.68136979839909
280.2084413766522,263.955224129965,29.93229509924689,76.80563443966732
280.3892893280574,266.017824428759,29.57059919643654,77.6001091284785
278.0870392236097,261.6525137760175,29.240668642145536,78.10667916198415
280.0951959136675,263.50374893631255,28.51663276583421,79.34262509710037
278.66046497730014,258.2561497132946,28.084592171599688,79.93331614222835
278.0324288044512,261.63676196823997,27.689312690757095,79.77749893849952
278.2452159682594,263.25958912618046,27.26373836314063,79.81572583489532
275.99188555137954,262.31112948719465,26.866201896873992,80.0779126795247
276.9808488377581,261.592871391157,26.51948346621077,79.88322072950604
275.3571921032961,260.16616604319273,26.522608671604544,79.49244316190432
275.3955113216344,262.6274962250547,26.445970234927913,79.41955429329663
274.55048954431294,261.0549329668161,26.521862905789394,79.33637904221078
295.3704296290194,257.6036171328369,26.855228241574807,79.78158832475397
291.70977619062677,261.5031706142977,27.669381198244892,78.48963528194759
292.6575628731022,260.6900377234972,27.397006127107026,78.49270276973546
291.84600920528237,261.4201002182588,27.40182120358917,78.65087003936985
289.3742674858726,259.83207356154224,27.483394456830002,78.58564989575052
291.07051024129794,261.8951776909418,27.333287827578143,77.7018205185502
290.44002664607405,263.38869231043486,26.98840926499305,77.92648278563004
290.54856152584233,263.27540269590145,26.77133950545646,78.15306201469686
289.7996750630576,263.93805997696757,26.667056147871886,78.42980373571874
287.4135552569347,262.280774429255,26.627001895012906,78.53617892107384
287.2829500478843,264.8840581557603,26.888212313113783,78.14425848974662
286.41561540308254,264.2624559630372,27.01882076029387,77.78340203276935
286.3958689547847,263.45147758469665,27.058313656889645,77.80406620408914
283.8785754924501,262.09313862567626,27.285982665492533,77.31613217808587
282.9999750671427,266.1204755203501,27.443703745709072,75.65937747033101
282.13901781352934,266.12276006052724,27.586957029385378,75.65480838997674
281.9632866842995,264.82233359010166,27.938419287845186,75.09328837936253
280.26662105152013,262.43074781185834,28.172766503982096,75.13798386171653
278.6636185144427,262.7455261733776,28.21006129059682,74.50842713867809
277.99411708728206,266.83366035540257,27.97306434798073,74.21215775931482
275.96181081393723,264.54363049716085,27.335214602008527,74.08975518313625
274.75635394947113,264.53168290565714,26.637652364636963,74.11365036614376
275.87912190444746,264.3878655584493,25.934083766874586,74.40128506055939
273.786950096906,264.41003758039074,25.518512038869222,72.82363590231373
274.0779275583362,263.12412474572807,24.93655711600874,72.38899211753471
271.99816977998205,262.85733355734976,24.636738372120462,71.43612972742578
272.16360035169754,260.8831292070024,24.30587722868954,70.98234946518997
271.67286502700296,262.9183159734235,23.832450250054677,71.27666881641976
270.26524685429456,264.48539614803406,23.74679727621274,71.04339778645728
269.4745668771944,261.6218844007372,23.88259953696407,70.98819050725494
269.4004907876853,263.3472107278006,24.030751715982213,70.4320470557027
268.5728747253233,263.01864972602823,24.243946451033494,69.64713166957458
267.79751922363465,262.9370817904758,24.359928618247118,69.81026754067939
267.7650263104216,262.71283868584396,24.4249144446732,70.25875374994315
267.79242768011534,261.64437268195746,24.37011170528567,70.94893853839008
265.5969193150044,261.5885770548689,24.39435175699331,72.5161220187386
265.53588714953895,260.3825379626088,24.516416087924156,73.44983712972595
263.72572348237264,257.23922351359005,25.148969239924078,73.76091766309813
262.30618547697094,253.75151361605091,24.96829948332171,74.69684592336485
261.23749024547135,248.1719392750069,25.5857879483303,75.21668061951863
259.3736430535281,253.0865594616279,26.23631032204706,76.1575422818708
258.34085834315164,251.33959738488926,26.738022610853378,76.52375217145482
257.3733046780498,251.53943147423206,27.09491792860957,77.70229600521668
257.3805815231458,251.38993966662713,27.08036423841761,78.00127962042653
255.540801250239,249.9823491862175,27.54888348022208,77.60541927723673
253.8869975253085,252.84940836997015,27.639724574871064,78.3048336201555
252.37943130585927,249.91907434358785,27.414815038809824,79.30543871048052
252.52445736960914,251.905183977693,27.12476291131007,78.59364060952977
251.9997072973558,251.61210684991664,26.559485408262,79.17979486508248
251.14170769607375,253.19520248309192,26.66267003755277,79.23923274527861
251.35586863470593,252.59780120335512,26.234348160288363,78.81848841265912
251.23651628105102,251.57254856197082,26.47305286759821,79.26726904364506
249.42021367944093,252.1937697710677,26.88069985460941,79.63730573355575
248.47067902219413,252.03930393409746,27.154569980272207,79.94623740749626
247.6669233446886,251.3008328043485,27.12748096074393,79.78857929245486
246.12709752025722,250.7385940469518,26.94341303595216,79.28119702042103
246.34789615030317,253.2882284819916,26.501815775860294,79.04574309903182
245.46236874377308,251.83094404791063,26.66301878876014,78.74060836687319
245.39923973560673,251.4008459997793,26.78927680509284,77.99235247176563
244.66952429388803,251.67549961219788,26.648615381186083,77.44304524692846
244.59893592619508,252.57996136005357,26.789792116571967,77.22381944738416
245.2251493908183,251.22538293421601,27.12650727871148,76.75469211628733
216.7990114549591,258.3483477495749,28.378939185023157,76.80586521953138
213.9334578230237,250.0546273307881,29.274145163405898,75.66166801031522
212.8222159667638,250.2265885549811,29.884967737338,75.31774556192919
212.0448836854288,246.57124228283814,29.821980847886714,74.54018084560873
210.5005356947144,247.10708052178117,29.700004032860704,75.07384076595014
208.21281155054086,244.9620080697855,29.44294206925191,74.53147541798569
206.2362471800705,248.6897795379299,28.60075204107814,75.06813043022102
206.96914059776662,236.3423748010222,28.72601781856603,74.30609809795358
207.0633875665469,238.1877687371678,28.537523881005512,73.78003472611783
204.99756813206326,245.28300511853865,27.954883468313618,73.73239980835375
203.65973390395885,247.8688086454093,27.50999163207822,74.8019133395009
203.49286384881864,230.94294577371795,27.843731742358614,74.16667363462112
200.96818616081683,230.231787585277,28.199565474668226,74.02448279693841
224.74162182324852,245.24559479265906,27.71875701493994,73.80537486342644
224.98499708034595,247.68032180707092,27.232006500745058,73.60715431173216
226.18097195378934,247.12619808281877,26.38552148131678,73.16993703277802
224.79041127229536,245.02974111520675,26.11882399105153,72.79112268812224
224.25724371058328,249.45357665392865,25.671495413253027,73.02543381801475
223.05282401994526,249.43034193054658,25.062544327409523,73.07190326477888
221.67533745568826,249.57673255679086,24.820564007845473,72.77912201229032
221.7747784070439,250.117724665193,24.621682105134205,73.18702915938266
221.8558274673704,248.44603372664056,24.459583984481192,73.54626988539019
220.41090100780684,249.94955129106677,24.36099794698946,73.52767371315669
221.24634518284077,248.3863742402342,24.182259600917845,72.17757780283304
220.7289257703615,250.0213554597575,23.74743237056646,71.84694747440632
219.33791777578904,251.84557122333555,23.61544210619263,71.11252220076898
218.50714516464063,246.1049791709879,23.832849558131677,71.04060414260215
218.28735219636374,247.8753849835973,24.27243549468546,70.3939755304144
216.61715416812595,246.13060816835537,24.721031498344317,69.54582908167319
215.71337198018273,246.1760688697598,25.086646619343014,69.45490767886434
212.60222331920778,244.9033964225313,25.519844239313986,69.10570272233196
212.62673954779297,243.9304157543543,25.47081178214366,69.60155658884317
210.45232475301958,240.58835134052907,25.450680143635537,70.46040377908716
210.4279130776965,243.03829332306287,25.499503494281726,69.96524745877193
208.92634057645955,240.26166135504297,25.578562069529383,68.20829532674608
208.16727333153017,240.14543692541736,25.65838727223047,67.00243489883977
207.59308252348723,243.62006036109358,25.38432011765799,65.74298311012069
206.31837848624158,240.56114461443494,25.134832016550593,64.86357416444133
206.635751626043,243.15663787398216,24.500085736947756,65.201961644247
205.5100731877964,241.18385741740096,23.99985154675585,65.02013595738181
205.69446387093248,241.58284036951508,23.631070180483693,65.58634342847749
204.53076859360922,237.71954357185103,23.227244323600626,66.48489599498181
203.7736953803434,238.8353744379059,23.370275022242296,66.995465718652
203.71742044167019,238.29575697004555,23.482824899588746,66.69369815447465
202.25065308987325,238.27536283314976,23.65887786392803,66.73448642826621
201.5864147290834,238.23175586410676,23.604834972691155,66.82170036635222
200.28492495275077,237.51217536634488,23.44224605664894,66.87807712752225
199.71195038997973,238.45182005246426,23.207559510595445,67.76005909847461
200.5473954637878,238.26390639045815,22.925613274121947,68.13588642248678
199.10694297678606,238.1814163098113,23.02821474973311,66.91171483458436
199.6323734719374,237.90045544012952,23.350935175674557,66.10005515770374
198.10533516132827,239.02641751144267,23.669273146639455,65.21600034020415
198.01775589691565,237.80280234050332,23.844431675464723,64.94122378409591
196.66580805793893,239.24211142275576,23.827852102902096,64.78308087010697
198.06491979695943,236.94557826116113,23.744977401672188,65.30312402807951
197.37846039250172,238.83763128412372,23.754277220519427,65.60987495235878
194.679915465965,239.3843905859454,23.678667530588793,65.88453123446645
194.07762619851445,238.14600956458114,23.512512866720368,66.99056007842552
193.44615812667374,235.94472566863232,23.391930794977945,67.24257322405161
192.7091574718052,237.08653885849535,23.48100992245864,67.72879120883835
191.3014135887559,238.9959221556654,23.509539000450317,68.09046264665865
192.13032278487103,233.8482425999946,23.250877649949043,68.59172246589767
191.45582703795273,234.95591859228315,23.198284153653315,69.17954046158508
192.09258094110407,230.96137724243073,23.33377143533758,70.12364772135527
189.19915823402994,231.41167791084257,23.420972446834035,70.64795748519454
185.76985774861643,232.97836441679902,23.109735524047757,71.81648720944953
185.95746668447453,228.71257672528566,22.73451765233156,73.12372250934312
184.9764323999949,229.96189659325768,23.24008193766528,73.53809134065014
182.17257106588184,231.78228198535254,22.96097477179236,74.31244293203476
181.49087654024225,236.65192576603195,22.846826265139576,74.91591827619965
181.0170611450903,237.66893886967804,22.310481297644735,75.84984358450488
179.65522107483852,236.53618812399225,22.059686597267987,76.62810765543631
179.1210956252986,235.57356081761466,21.634375343693208,77.05980011553682
179.23098504012395,234.249528452962,21.414596514042515,76.72444679223453
178.3618351452322,232.15344334896756,21.67003060590744,76.46801990646752
177.4740383921236,233.9876019309735,21.961596931375226,74.28372992320504
176.7324363671769,234.09864094474895,21.986193043103814,72.60304395748943
176.01778412211155,234.17234518322908,21.98021263305647,71.02035058035119
175.32294605853946,233.74007002312598,21.95713400664803,70.47214614700471
173.91013324707873,236.28069298471715,21.973645347559557,69.60457164683719
173.97271914985717,235.38560754384142,21.848473542002694,68.60962962096602
173.30006080405445,235.96017307393137,21.817659424756467,67.4604985607861
172.5744746638581,235.49810702270977,21.909586610974454,67.02538556905456
171.92707024748339,234.47939304915408,21.84964633716069,66.35331530303954
171.24453319180773,234.30302522940062,21.87062634740483,66.70605094254648
170.6374129918674,235.98210405392325,21.735372183321324,67.39637698539376
169.32748267599052,234.16911131408565,21.64158845688025,66.95189592777676
168.7716770413286,234.80009323457188,21.40441512122456,67.03871669178395
168.73432005461402,235.3123997577489,21.47912909465365,67.35976028437156
167.9047593668043,235.59932894693287,21.786661028230167,68.1374913480464
167.17124670607387,233.0066247966367,21.885395968960054,67.84973812571467
165.8221138587708,233.06852087888132,21.85162298910422,67.72594596122539
165.74427740210325,234.92967970906872,22.007295902439274,68.09454883431435
164.30373059500252,229.16117781506867,22.144915425651263,68.65765625835667
164.19216114197772,230.6215647849209,22.368054331700872,68.50141294041602
163.50416956821738,230.75792540818492,22.35989494610881,68.22869169388795
162.75655470359774,230.677393158248,22.475008901652725,67.00964042006643
162.05768797112307,230.41671928485528,22.507862274488883,66.16610807473873
160.731491970537,229.4271186994941,22.45332158965111,65.43837655945119
160.07366643354536,231.01206153390717,22.42687243444316,64.95269134900752
159.48337816885865,232.0652407896865,22.27275550791898,65.51571974924407
159.53973639378074,234.4169788814333,22.1600390580748,66.17188073203238
157.47486391530103,230.5118237350212,22.2481994578212,65.89902191043049
157.4782610488104,230.78563622728166,22.241405190802496,66.69631791408776
156.1574593393673,228.24375482976376,22.17071315792303,67.71163753147519
155.34088017508859,229.35696913681272,22.43457647874249,68.22379893285324
155.16052134577714,228.6685458741005,22.795294137365357,68.21922998375264
153.04546058961026,228.1995726515624,22.86154883505053,69.15717642882888
153.58303315621785,227.33729380356272,23.188918163067697,69.47921966359579
152.7591246378864,227.97337534811126,23.423645654313745,69.62014611991556
150.55454119360914,229.18678230345267,23.574649594686505,70.03210750802057
151.4693767280106,227.56007016836628,23.172991676304864,70.42950547735073
149.9249988203942,228.25195057791922,23.409112891611255,70.47206195820809
149.1190632826945,227.28078918380507,23.58973612616908,69.55188906475331
148.52514640906276,227.58880232788377,23.356120720989914,70.35731192903864
147.1239871486252,226.71168153161125,23.301149204469844,70.68290850288608
147.16428701816807,226.04980674763107,23.220549465384085,70.57438821383938
145.0150980390206,227.68005804460785,23.23117932205966,70.17238435429873
145.86860729729773,227.55142749985944,22.947887068586326,70.42964544379555
144.4343967122685,227.33708649066165,22.971927015840528,69.43613685078901
144.5648555392349,226.7263396739284,22.71100936190769,69.24912602178371
143.23597753494317,227.9804367858738,22.566639144095628,69.54305802428851
141.87662740571412,226.15559430133482,22.480155617982096,70.38755920879476
142.00644711779546,226.9273065079563,22.22051619381945,73.08312618060452
140.40326824735774,227.2053581744405,22.5340273349805,73.97344614749326
139.48320097263567,223.7410940382041,22.90932497881731,73.57778989192948
139.45742456766533,223.767571073699,22.96087778875799,73.52483582093961
138.72249850945374,224.06904478195116,22.96435945795458,72.92188840443532
137.93522084616856,223.62103321892383,23.081031988561897,72.36002873452703
137.3237503734112,223.38370579705688,22.851914659580824,71.38262530376512
136.6644758214113,223.02782737998524,22.7364983896242,72.09438213790837
135.97476513964926,222.95157018410927,22.673977348148448,72.24689652966033
135.98234290436048,223.11646449116432,22.658821818726054,71.9171079155502
134.48242077425095,222.66221400699533,22.7826750765131,71.38761338267228
135.35546756122392,222.9971864182048,22.469343710527518,70.71766856025333
133.90593900801161,223.8591701526799,22.533432498787388,70.41118525038553
133.8905081559378,223.25498908269563,22.564294202934995,70.20523456151109
133.23280728139537,223.58534466687405,22.46774017622279,69.54452339315424
132.57274002916768,223.5577455065243,22.387078580299526,69.59972171385373
131.8612362502432,222.97958767853967,22.409988446150987,69.35593967782546
130.41874642916437,222.39636883033006,22.500856323458695,69.1253214918197
129.81516958194118,222.3712362602623,22.312562358461435,69.17558663195524
129.16999931276243,221.80475207339728,22.210199339299766,68.91585144816604
128.57141588333766,221.49999363655084,22.020233434197866,69.52536832185892
127.2922957811908,220.137422092216,21.793891632772738,69.46592940480977
126.6277447878635,219.27321683761411,21.735718147267303,69.80706444185353
125.26336345766899,219.92403207506374,21.682401728845033,69.89647350635991
123.86173971192886,221.2044476645145,21.703004369369985,70.11828717841371
124.73332027948805,219.82440610007427,21.3546903698267,70.088676036144
123.90635136431632,219.26186599906737,21.620643220011452,69.82577125799904
123.14149472250679,218.80951313210238,21.761177207956404,69.34129769625493
122.32534183768169,219.87151819881385,22.008578670515874,68.60219186992269
120.75977122693827,218.09743994412764,22.38177769022311,66.63446397573594
121.0179613912415,218.45104872602855,21.865397361616658,65.92724641193408
121.21155698709255,218.78733644161673,21.478206169914568,65.25467098075771
120.65265795210422,218.27030306820663,21.274342099134504,64.96707558682124
120.06449291534085,219.16534641180928,21.13683717095824,64.49082390131895
118.8126214905052,219.72265464633375,21.031495836552615,64.68074952430847
118.78971202469316,219.13306283385975,21.077314768176684,64.55462417230554
118.70400831764812,218.46115516889168,21.248722182266768,64.59408224765552
117.29435611915613,217.2714650639144,21.451903217347372,64.35733909570673
115.81198471804946,216.5802050868345,21.799816525825833,64.43144430299913
114.54152718133261,215.80486961437964,21.709072703757688,64.66628580015795
115.2077581783302,216.48297921258433,21.694126452369602,64.62758234635564
113.72868493206546,215.96638738303633,22.01888996200727,64.34407451400574
113.06031493493926,217.34517516347412,22.03704789776426,64.223663070121
112.53557021033829,216.65486613671956,21.769340640816814,64.28708441748074
111.14424809841208,216.02664729492437,21.92555148327999,64.23030541037647
110.56257965287303,216.4157755492384,21.773629921039564,64.76730735506702
109.33765245638287,215.59735129043034,21.583216158351753,65.08402179484911
107.28855870144544,215.03063075296393,21.717928194914467,64.89630437867791
107.34743460246773,215.67523172341964,21.600176392869894,64.92805462683586
106.00350318280422,214.8762243919204,21.649539666031977,65.20681950675184
106.15363133173713,214.65112867228376,21.349283368166176,65.65701094602515
106.18700197073301,215.15276996933966,21.28254209017442,65.97874544636115
104.71731487119149,213.20035052231614,21.56519123516091,65.89849675926338
83.95739672169336,208.68427600674428,21.780269538250785,65.60376495262175
81.307365097211,208.66287350621292,21.75168859373717,65.64656995368449
80.61590724969533,208.38476159518524,21.802357547337497,66.20279377573985
80.61521786602205,207.3766777201973,21.803736314684034,66.87787475490363
79.3626353503843,206.69466773809688,21.607481130779206,66.89118461151438
79.35704548475123,206.4943091835458,21.618660862045356,67.29190172061652
78.78555612029132,205.78224799122054,21.408446797981544,67.36283131228345
78.81431788194871,205.5494296290262,21.35092327466678,67.82846803667213
78.92719938504176,205.97450332079515,21.125160268480663,68.33419994475749
78.2784014920733,204.3514162564715,21.063873046641213,68.86260805785203
77.60044202790941,204.5364219267715,21.054555511042317,68.49259671725201
76.97083352364861,202.96206365886076,20.95395024050597,68.92166869495762
75.67051445411751,202.80141611177146,20.826512675085166,69.24296378913627
74.9401223519369,202.20759909308273,20.921072560454146,69.0643735075215
74.8098537634969,203.3473517457609,21.181609737334153,69.5157668773209
74.00900256403443,200.379643485469,21.406645340302394,69.94451621407795
73.34551765680492,202.52590602315598,21.346710286879805,69.81270574234878
72.63885294964626,201.7579374601707,21.376111066262325,69.96471423338451
73.19603767913648,201.47042161491737,21.648367475407625,70.53974592389122
71.89552692306691,199.94645842846532,21.44977048604387,70.78805379529236
70.35648555171244,199.65164745637213,21.72855486078701,71.37767573947873
70.89494232433198,199.36379602636583,22.06480330739396,71.95337859949132
70.14318262758063,199.07759728567623,22.14078288205414,72.52577608087051
69.31417147553343,198.98656293070349,22.361751319904112,72.70784479081598
69.98818217428715,198.43019611215166,22.45745134036316,73.82057842791966
68.64454533450989,197.21902222896392,22.222216840008294,74.78167210434043
67.89632905872445,197.52517433516368,22.248156732501208,74.16936789194088
67.06486490384907,200.07426104865766,22.448773171327545,73.45813007772624
67.26510305051326,199.1704549037006,22.048296877999146,73.80978209494727
87.16357804673946,202.41460630618968,22.94976755841053,70.22850933803078
86.18025048580006,203.90823996839845,23.497056574003622,67.24124201361329
86.09209201798075,204.29203982547435,23.673373509642254,65.08682711949359
85.50813162180334,206.36253521897572,23.482064499558398,63.66429593736818
84.11401061197051,205.85075806899732,23.599478409523755,62.01702212762467
84.19531204425303,206.63165931491685,23.43687554495874,60.45521963578561
84.4269021354963,208.3207329530115,22.973695362472164,59.6542307004878
84.48268638104398,204.79409031407616,22.86212687137683,59.094905256698326
83.99021949095656,205.84190834663076,22.588325748890657,59.51673899691109
83.53748584313948,207.50508580779086,22.23391954779366,58.71013106805328
82.40541829900961,210.1317238065114,22.014192989162932,58.42457836439311
61.7098696868939,200.35301745863285,21.453274034839875,60.70763145721605
60.01551716275509,197.3136522251975,21.072744600916273,61.76071594781843
58.21524347644765,194.48133738234532,20.87976344759916,62.36730759894674
58.84074151008754,197.97139784882955,20.898391880654913,63.004933667991466
56.92000047526332,195.24122291798363,20.90275529857407,63.34912532737758
54.96741581215356,197.1214903035307,20.95587750184296,63.4406376792341
56.7868488281097,195.0587947960746,21.17588327113439,63.70715689294255
52.777526317669675,197.28900834766483,21.429862147453267,63.1290628620427
53.38605339173421,195.7280526304692,21.503330687964674,62.37940623051253
51.00122855097194,195.9437710898087,21.14826984302883,61.947969311833496
51.16614024193823,197.7807642281383,20.818446461096244,62.07964985777593
51.18008067755661,197.2241120546042,20.790565589859487,61.928545879231855
50.521218599731526,197.72927658331145,20.846542362082396,62.179964205244616
50.58102606103998,198.8139942675877,20.726927439465488,62.54322905163653
50.43898679676395,195.81442525791982,21.011005968017543,62.19571099473755
49.85576340852555,196.9339997420014,20.90787297561191,62.49572156433933
49.834150506794884,196.853670405191,20.95109877907324,62.65638023796009
48.63335460784106,195.72691831770598,20.802602754040123,62.35979658998939
47.87719733910639,196.39866630176996,21.046811069329618,62.28440684404133
47.29461414217381,194.62386689111267,20.94048047835546,62.01951471083795
46.680134192405546,194.55711141916933,20.903658214193293,62.15302565472463
45.43016790187244,194.00691106256488,20.869569540807625,61.9864157407076
44.77618970547253,193.5127149257799,20.91351064550779,61.710792726177914
44.73334177726795,194.0413569607222,20.99920650191695,61.91440102903472
43.51037468767221,194.51739985037332,20.914426036426438,62.22767257207345
44.04036399128812,193.39934691006223,21.122717712342425,61.92723788639999
45.29473179692076,205.10383218423388,21.149570282040848,62.606355057211886
43.33471682793207,206.0541395201485,21.235722659276515,63.26165875921045
43.98534681781609,191.67040313562774,21.22332747348122,63.674106060851884
41.701882836065785,191.18969215468343,21.906728490518052,63.34101904058595
39.557476347075955,188.59260838560292,22.28882952573339,63.32623732172789
41.389575902719194,188.7301165230515,22.55155615551658,63.05122104683076
39.063737812937845,187.93808912223506,23.27379022651693,62.01564777608871
39.56971991311302,188.75065725855694,23.569866220324442,61.698551697602824
38.4614274937246,188.48254459377534,24.47763388291243,60.92595985097717
36.166619486812436,188.71171084322268,25.125366825270667,60.46762735208249
34.907289252760066,189.05225146671444,25.00626411435656,61.1054276946084
34.53493620071753,188.48688401039814,25.750970218441623,59.584232246095446
34.45306436225083,189.2334512097695,25.914713895375037,59.408289069209744
33.10621292023276,187.31674025670407,25.97334992104788,59.28911068779563
33.052834285426464,186.07689482314052,26.08010719066047,59.13512001284462
33.19083516500746,185.18111360318025,25.80410543149848,59.61019256175681
30.905895892629047,185.24148085936545,25.09996303879021,59.48945804938643
31.28403411365927,185.33146599808273,25.64799165512381,58.0051827135578
31.236791475291703,186.01989483502933,25.74247693185895,57.92082563348383
55.39246451288636,195.34426937407173,25.269907890091723,57.37323543291012
55.6350553492982,195.1566643293663,24.78472621726806,56.47176345520473
54.63836420718726,195.67140203884478,24.26796909639519,55.44228803624776
54.825371403244056,196.84775426698292,23.8939547042816,54.32062902502821
