292.5,94.5,24.0,51.0
292.88744209338586,93.95310756803967,23.386926770144008,49.93197390700496
291.754919044463,94.91024167615493,22.245316127888525,49.15325793747486
293.22570888847116,95.14183768379189,21.51222524988283,48.69006592220093
291.7359759488386,94.68200584452323,20.153137122111204,48.52509109897903
292.20444149963424,95.2343778347865,19.21620602051989,48.478569967200414
291.08123725990123,94.76356361479014,18.340029589692012,48.3793367704285
291.4835795311369,94.79979326282222,17.53534504722061,48.30687747436434
290.28647672981214,94.44978831278866,16.905014691308953,47.998708721577714
290.6071446390411,93.96362714199154,16.26367887285098,47.978681524460995
288.70485674296094,94.03516153574532,16.146712495814217,47.83561273695342
289.2875104504431,95.03138147021511,15.95761681963193,47.79559634557775
287.27779914172123,95.0981551395039,16.088298226175258,47.66204900700018
287.2648877546023,95.14422646365796,16.114121000413178,47.569906358692066
286.10553978168156,95.12658462848313,16.489152886199935,47.60519002904171
285.45574390670896,95.17654144771106,16.809572503770358,47.50527639058585
283.79311227742653,96.26119450256556,17.18412406842342,47.30311141015136
283.3101342939735,96.37960669044857,17.1626125081086,47.06628703438535
282.3260743114024,96.50340521857616,17.163351603342626,46.818689978130145
282.3045808702332,96.61376503215223,17.206338485680995,46.59797035097803
281.32990227893964,97.65329739238601,17.200141965089436,46.47445933368932
280.755324238398,97.7004327471422,17.373401741780192,46.38018862417694
278.878327255239,97.34205538879715,17.216719994093467,46.1192744123659
279.37108885834857,97.46872067463207,17.20230381707797,45.865943840696055
277.99209074587776,97.10666709642598,17.05864991084037,45.622834286715104
277.55610632892814,96.74197960457228,16.96947388418163,45.391064409864576
276.2481963921266,96.46800642141456,16.71664337565126,44.98279398213558
276.35950393986,96.64842924210177,16.494028280184462,44.621948340761165
274.98560309155755,96.65261338995118,16.43195091650797,44.61358004506232
274.0512455965129,96.7721920823119,16.42989367339775,44.37442266034089
271.90461021273154,97.28250742665062,16.99546695756714,44.285716342511776
272.21142202056,97.27305354358752,17.3226737634115,44.30462410863797
270.3882193379408,96.52077224377658,18.1281736656869,43.915249732951146
269.6160254641791,97.46621189903458,18.716830642169583,43.93583196451661
267.0178261436617,97.60170206798936,20.047361595736856,43.66485162660703
265.51222000131287,97.68130839506846,21.086658812661742,43.50563897244885
264.2896764722476,97.19839743062204,21.52821194408105,43.46969393798606
264.02015233807316,96.65495172314628,22.06726021242995,43.547682014005744
263.05760215021934,97.0956174152537,21.953621497916874,43.68572017490124
262.5451424026197,97.09402944866082,21.959112618521825,43.68889610808699
262.1128779651559,98.06448028227265,21.804071661129463,43.787134105503064
261.77472911406994,97.49879604200896,21.462043571733467,43.90017679446259
261.4526535885801,97.00309980386473,21.092144598949055,43.87751924698698
261.09282017246505,96.48954991436264,20.804520273952498,43.897327868764435
260.0784307650142,96.38199084326136,19.82558637471132,44.11244601096697
260.3892101156996,95.73600813516308,19.204027673340576,44.41584023056119
259.2887706282138,95.85320479076145,18.458837222879556,44.181446919364404
259.054223308127,95.79083263517305,17.962487359805245,44.30619123054124
257.99880668890404,96.11670442717546,17.198064007100093,44.61286651025341
258.71162469130576,96.10320862134196,16.721591305340272,44.63985812192042
257.45547182440356,96.59495245888834,16.410940798768024,44.597355860286555
257.5798524833707,96.61659381706475,16.162179480833714,44.554073143933756
255.604049685209,95.75370266454698,16.39514778208726,44.420536801434345
255.52902781477508,97.15750818364401,16.545191522955065,44.408799136405094
253.9216581371932,95.78049746426942,16.9564431350905,44.359332832126
253.32432370344512,96.21644554606826,17.209925687364443,44.42862298375053
252.1558978169884,96.2646489646536,17.653317476137275,44.332216146579846
251.4963404418503,97.37512339054165,18.019153854676798,44.017824038277155
250.5108417153106,97.40345457849938,18.07960835291209,43.96116166236169
250.04829780411944,97.37285719282342,18.049166479208555,44.02235643371362
249.08143668795998,97.50606018313847,18.071147139380045,43.7559504530835
249.0818626623527,97.62855163841604,18.0702951905946,43.51096754252835
247.78738372337597,96.84960933658184,17.81264642668087,43.171114384951956
247.44238587208534,97.38518894576143,17.563254413891215,43.03934288196372
246.65973090764217,97.09374047834316,17.262461275808395,42.68918828331567
246.37212481345296,96.249950784069,16.915025519664,42.53147178281826
245.19018495782427,95.49531873934399,16.536372132927387,42.21238047360568
245.28467570773304,95.46381678001337,16.347390633109832,42.27538439226691
243.9397279174977,95.06610869697539,16.336277025045135,42.170464162164436
243.499073489337,95.9433467244686,16.318955754630238,42.21324836065061
242.1421551776091,95.46162309071715,16.335990245484375,42.277761583952916
242.09936638653173,95.00528386011759,16.42156782763913,42.29027396510869
239.8771062033274,95.86585251160237,17.258567648591065,42.3728969348675
238.67264437297746,95.05488515625595,17.831449345413827,42.158789681683245
236.21073698857379,96.54692498729432,19.05484588820181,41.950023689121025
234.72648218358395,96.63841839990265,20.13607449907001,41.76703686390436
233.8609474782608,96.68006876818046,20.907286137788653,41.68373612734873
233.6069844298521,96.19157326850151,21.41521223460608,41.68871238384561
232.59218030988572,96.70040548921247,21.4831057949732,41.65190528220652
232.0140177949388,95.79139369280963,21.65794374700795,41.50695471929404
231.05771380781104,96.20785899218019,21.605816156162508,41.65639190310341
230.58119381022507,95.75418193750596,21.575190111994143,41.5800799731115
229.83460143236675,95.29964354331143,21.1043385554366,41.50713860536348
229.53626152169247,95.40871941660777,20.728186549987267,41.288986858770826
228.87217135630854,95.38229329851424,20.130094042871175,41.34183909495786
228.73541238731056,95.93760935747757,19.450067174186422,41.18475178371197
228.22180935479932,94.90417234172052,18.598438136226047,41.37279071224318
227.6691127563253,95.32086500840518,17.849336161964533,41.46665296447867
227.10122695707918,95.30802390050492,17.154283541853825,41.492335180279184
227.806827334305,94.38352684058924,16.646550620614597,41.53439363368564
226.17443064314236,94.35364447188618,16.331212088164417,41.59415837109175
226.35104364970866,94.74629636660532,15.97798607503184,41.69911218680977
225.47177408545673,94.78031201643284,15.965658233637306,41.631080887154724
225.4652823432375,94.81722966217468,15.978641718075801,41.55724559567104
224.55027527168878,94.85806211319546,16.041838431016107,41.475580693629496
223.67983937373882,95.3107170687073,16.015970671521423,41.4536405603031
222.24100243357842,96.22653373736908,16.245872277640185,41.387188739114265
222.1454207500627,96.23373831964037,16.43703564467158,41.37277957457168
221.18388112911086,96.7518712573232,16.582183219948057,41.22547953251964
220.6376795345402,96.40394994554993,16.78514979449575,41.031885541472604
219.34381205993535,97.39419384056299,16.702095591178807,40.831923853130895
219.36427540408818,96.96638926922469,16.661168902873133,40.80163081313036
218.5392019478864,96.74002221499421,16.541841634916373,40.36962783141114
218.60278787190722,96.8757787034092,16.41466978687471,40.09811485458117
217.33284926766925,96.54057571629254,16.34392347242746,39.898312987840086
216.94486413053562,96.13760222944259,16.253825482710873,39.838191697556105
215.69835301909652,95.84491089967031,16.156053409253943,39.55997625832232
215.31024729181985,95.50480221702391,16.07441767061592,39.382346430423695
214.57461278532296,95.48087076161451,15.838019699489871,39.430209341242474
214.20180028695444,95.09032771152509,15.73333421790252,39.360984963096975
212.9433271376991,95.9688675133569,15.707943468047235,39.298796725010654
212.53428582468325,95.09701913841981,15.67992884355968,39.35029897384643
211.44248823443758,95.94122960334346,16.17084742662535,39.354554641424826
210.32592954954288,95.67115296783253,16.69366790366306,39.03955946607087
209.19554027584056,96.92584248272784,17.234704328737198,39.109793619775964
208.52075879970434,96.95595753796204,17.713830889458873,39.04956350930757
207.50709778244322,96.95320761635597,17.985186095613876,39.055063352519696
207.7139049059735,97.45358170763136,18.454389853458586,38.93713317487416
206.7843003164277,97.9803180592003,18.535005110645702,38.77295743268848
205.82169413724614,97.51946393571089,18.683602503997086,38.8063581971614
204.45671622794495,97.98992112257473,18.739415595619757,38.75682473242696
204.89319846297596,97.15338033012398,18.758079509030175,38.6466495503836
203.56579829136157,97.57239395128906,18.74184810949541,38.69896622230795
203.24513312082908,97.97809435543951,18.492352590088522,38.77839127447895
202.64319633519875,97.13551483704047,17.920938267336638,38.68826241726447
202.5017481883492,96.7309836312743,17.32747660637677,38.620966874137885
201.51368118610276,95.92367301392208,16.70867731825686,38.50563258043376
202.54886907033404,95.48185236884105,16.343121267568208,38.5368640117089
200.9762205707756,95.44839711800768,16.102820190538136,38.60377451337565
201.12621944874687,95.84203054906709,15.80282243459562,38.65961411669058
199.91111218459898,95.83732123958693,15.717295024957858,38.669032735650916
199.97715796422253,95.34087913309162,15.585203465710782,38.8247232327377
199.0630979015621,97.39404537382083,15.739160056965046,38.90379958644587
198.65781557024243,96.54001133770996,15.708758765776684,38.929935751012316
197.69069276723556,97.43457834626318,15.961403295574202,38.8224028101221
197.19595713460194,97.42780669218791,16.107125500200226,38.83594611827264
196.73520036420265,97.3870377123746,16.18210488637431,38.91748407789924
196.2665584304825,98.17698300753949,16.270346325314655,39.03567834456936
195.4085430476353,97.77035095633414,16.281747054727923,38.9966274288395
195.0344021731308,96.99287306799704,16.178075256494196,38.84767611102817
194.2429027137316,97.6575802141023,16.06514772633767,38.366225043295096
193.91445619543768,98.48754933029886,15.883032726305078,38.38430288414281
193.60127376140323,97.91713730040354,15.673361473618366,37.8530547024222
193.25907668333062,97.6544067693003,15.533110064869751,37.55387019973481
192.4946922647502,97.43259523763993,15.42620522943976,37.17965642676011
192.10972294162733,96.72958302510128,15.385606062186291,36.964605224839005
191.76817244999754,97.14109727324049,15.261994042528613,36.948289731477814
191.7792656632999,96.46744593897772,15.239807615923871,36.68702834080983
190.50002922779672,96.57959830048713,15.397926892199298,36.46272361779101
190.14392489719054,96.62482276365867,15.310452490138713,36.37227469144793
188.81751080427895,97.80173996415559,15.572802229315531,36.40891873710044
187.55110493813024,97.40171048717671,15.699612084054117,36.40697706520524
186.95065441278066,97.01783843738758,16.096299251106537,36.37050728113677
186.75422266853008,96.91112548256207,16.4891627396077,36.583933190787796
185.73469229268505,97.35758059317328,16.88685743784211,36.51170599629317
185.18386363728357,97.36846895294069,17.16191215526724,36.48992927675837
184.32773635102717,97.32862558514952,17.2119839649446,36.569616012340695
184.3050588591951,98.1790731099539,17.25733894860872,36.53497314087209
183.28724796656383,98.64225354740722,17.626135622117783,36.44202482184221
182.3139008284505,99.0391334863524,17.89587333237475,36.486743226936696
181.43441439485184,98.64470026887206,17.967214409697238,36.43179376695994
181.48438864212488,98.58686238389285,17.867265915151176,36.547469536918356
180.45679788421737,98.24899160480166,17.389826434915662,36.37900409641723
179.48192218505878,98.32947861173808,16.839235775821066,36.21803008254438
179.84505825460093,97.52256728162678,16.112963636736755,36.18886006789768
179.69358169142055,97.53254677548165,15.60757775270646,36.16890108018792
179.1407196711826,97.40559779705569,15.115016471009826,36.422799037039844
178.9602862295167,97.74882165133832,14.68179504938777,36.53043963342852
178.30931174485187,97.54689805944487,14.407885423214834,36.93428681721542
177.1894684221753,97.49792996756901,14.281044232142433,37.032223000967164
176.85696034547485,97.55302937068124,14.158084632639508,36.922024194742676
176.46994321543997,97.63579442177257,14.147932024823293,36.756494092560004
175.59507509436406,98.04293720119294,14.33441175393574,36.72383679023898
175.10186203660854,99.29532471880239,14.536335623698504,36.57256849226502
174.2335243110539,98.92381903939425,14.70113310172758,36.52964086454122
173.43206799283652,99.26916721386654,14.727520297786317,36.62720723578465
172.95612598598717,98.92813568083866,14.889265923154166,36.519131913509476
172.52217753114058,98.97950513870583,14.965699201493894,36.41639299777515
171.7985370791121,99.04378161443664,14.83029547120062,36.28784004631354
171.79492376751114,99.03752715197668,14.837522094402505,36.30034897123346
171.4975837409395,98.83458353703405,14.644813388163591,35.91884744173649
171.55807653163745,98.51604658868987,14.523827806767667,35.777462249589874
170.4667042029202,99.02037898169395,14.383771725963639,35.543064376327855
170.13231844499538,98.71742715437156,14.284149024974997,35.38057381413438
169.02018209311527,98.13631524721602,14.215588426201148,35.01424209342273
169.08838831690545,97.46961353259006,14.079175978620727,34.83208906826385
167.54867481787437,99.02940146468248,14.147710482546142,34.72340569821584
167.5690281533849,98.32784362811091,14.107003811525106,34.621765461775816
166.70513983305796,99.15019412979711,14.334404045069848,34.47744086551252
166.27602763427058,98.78596599969102,14.440478863013771,34.453747546093894
165.4139746292637,98.36737185931041,14.657205329407688,34.537246055045195
164.49678753620648,98.36488838907688,14.97410650840957,34.542212995512244
163.8848715246704,99.52448989492916,15.433528012137874,34.51624154183946
162.9554453552703,99.12437499123203,15.748128032469591,34.544345189999525
162.3679469536055,99.92942558157833,16.145068733451698,34.49035621400206
162.15777197266064,100.3402819199055,16.565418695341386,34.452858959831005
160.8222240755361,100.79531493840122,16.863527510665115,34.333788582481326
159.90084076493935,100.75130121458594,17.11742383591799,34.42181603011191
159.52572255805688,100.67269233129306,17.067537382829116,34.57903379669765
159.14319980860552,100.65744141080549,17.031024292730947,34.609535637672785
158.0989012495516,100.52349949800315,16.715506697054707,34.87741946327748
158.90516748027818,100.13481848984927,16.702579326972142,34.85497893389992
157.18581570706192,99.27756781112666,16.145032219612656,34.9709800298283
157.10992469506118,99.62993522368376,15.505604142312068,35.057455306016166
156.9765225438867,99.52106593892061,14.99116413132872,35.27519387554247
157.6108780487673,99.40530818724747,14.497769237786684,35.506709378888765
156.2153484748385,98.88317219487969,14.209225878620913,35.781080736868496
155.93794862907188,99.15048281875431,13.99531923869859,36.01516582057486
155.29628145220835,99.0963393188758,13.742165296035482,36.12345282033188
155.0356096765051,99.00524514359932,13.49825345668279,36.30564117088483
154.70392785326817,98.90590272559447,13.398140633289046,36.50432600689454
153.97169795817442,98.12381000685187,13.333570455097549,36.53948147600078
153.61992409849094,99.64746402846399,13.273266772319221,36.54757904135785
153.5923686382284,99.64130857205689,13.328377692844299,36.55988995417205
152.01410653108934,100.04607281974316,13.428703732369831,36.51441100248764
152.31592127735675,99.26875756321523,13.590285535140175,36.538618924933196
151.13519977290514,100.03498467066143,13.646308434360314,36.543111449829524
151.4438254803581,99.64704009784104,13.798604518489771,36.54945309643494
150.6969625633819,100.00628715598572,13.74756914520226,36.60333958376555
149.55042188889374,100.30654866359328,13.723946611297848,36.775051196177344
149.94892338671227,98.03491311762362,13.70121371331332,36.672701702201145
149.64349128908407,99.49083227853575,13.539684074504539,36.8504387166378
135.38289603259312,98.76798614459699,13.495922707866754,36.7520795315629
133.85903449332352,97.97361241502438,13.46433608038174,36.801172137696014
135.13868811047305,97.60738837527546,13.214907247979813,36.76366074989481
135.4846071899829,97.99991397287933,13.287979577425764,36.743520043152735
134.35230426569638,97.61699338041899,13.254748860260811,36.743415706160725
135.52948751489515,98.76802006334586,13.196409916980803,36.737389895424556
134.05756822835167,98.34426005870644,13.083448933866686,36.820710015653134
135.23712531802596,98.7413245430445,13.014363127163165,36.78992383785869
135.91012631095438,98.27899927915915,13.191659909693232,36.95292498143593
135.97427457254506,99.29880229583547,13.063363386511867,37.214901680730826
135.93912202105835,98.9165319260061,13.133668489485286,37.210835266859284
136.24428543077087,98.45035139380951,13.293167815526989,37.3733701857857
135.81630227309552,99.16603393408407,13.374091911104818,37.49208954478235
136.02905467478004,99.26390084751293,13.726793092126718,37.29635571792461
136.10095379680334,99.37401278371306,14.364782812986208,37.076131845524365
139.5383404811989,98.25786395574836,15.39109104815047,36.93810502026712
137.6659210621733,98.41894773489066,16.71664643315463,36.615937461982526
137.43341719382485,98.4617794465199,18.006792272447058,36.530274038724066
137.7400799075147,98.0796441969174,19.086218863054654,36.44816852893537
136.50253088155353,98.09086321017122,19.8337043550053,36.42573050242774
135.33631074588786,98.53156985698821,20.41356483665229,36.42060710363592
135.10988068669963,97.98816924024148,20.86642495502877,36.6213010500168
134.4736430631066,99.40686123318186,21.24212141568932,36.47425342371241
135.2068626388366,98.40786113973195,21.57762470324119,36.67031117160032
134.63973560007662,98.88394177459021,21.802319222793624,36.62770945985136
134.06695275017722,99.382807169404,22.035161812084826,36.54270178073139
134.35630772006922,98.48382722715363,22.371837806780327,36.509889796273185
133.86160380263104,99.50262580405976,22.440681031922132,36.313421861930166
133.38808518419518,99.55146224702897,22.468927395585734,36.215748975991744
134.2672199770308,99.51097149046021,22.546272427471354,36.29673048912926
133.31356230375542,100.0074701105668,22.612958764117423,36.22404775386843
133.72147087193395,99.00868264520615,22.717489504006963,36.380926932096536
133.30764221488934,99.95268683687198,22.62070243389973,36.341807317157745
133.25883502421524,99.0066930925918,22.718316815247952,36.389321683796666
132.43625027210854,99.95471536190345,22.51431900319134,36.34244446144329
133.80392858949577,98.95105608326163,22.540344062795008,36.50884188914153
132.95432436792905,99.86219600566405,22.392790681346252,36.53332386891886
132.51228126107694,98.85307974903012,22.355610550597465,36.709023693280805
133.01844084681045,98.41187636253045,22.266551325355543,36.668170520055085
132.62898934755967,99.79233876194526,22.12430219607537,36.67070210457072
133.08440361955826,98.87119944930353,22.132267456727757,36.67539312055502
132.28338828361785,98.80254886570093,21.896302385828168,36.812694287760216
132.25372927673473,98.81603290821684,21.955620399594423,36.785726202728405
132.2075195035467,98.87289308261332,22.048039945970437,36.672005853935445
132.25497861394416,98.81099199293469,21.953121725175556,36.7958080332927
132.31663941875357,98.81085647554858,21.82980011555675,36.79607906806491
132.83007919498965,99.15650191599977,21.718610886129525,37.02047851020747
132.84513680308336,99.11815291096366,21.688495669942085,37.097176520279696
132.8452922379897,99.06731174680273,21.68818480012944,37.19885884860156
132.82739483350298,98.99246785858816,21.723979609102855,37.34854662503071
133.259833140634,98.97342475487217,21.78120794163881,37.38663283246268
133.20128097084256,98.5487587475082,21.898312281221656,37.31232554032384
132.75637812536337,99.52861297891258,21.863599651042108,37.201653719791
133.2424923201263,98.57425068693438,21.81365888796221,37.265803050855396
132.8329138840971,99.04354484929787,21.71042052008672,37.2496099660623
133.34025243216354,99.51871920458836,21.61615067365664,37.21966850518415
132.93694281496812,99.0557976392148,21.50440360939141,37.22714533727525
133.91368420650252,99.03617099859652,21.384087393030363,37.26639861851182
133.49605722258116,98.53494223778392,21.30421709115775,37.35373187042164
133.55697976128437,99.44714959718385,21.182372013751333,37.35944121243387
134.04695081406993,98.96207716791334,21.11550608483238,37.416509894322736
133.6441127436332,98.52906355053818,21.0083985233739,37.369753426741084
134.1809254609048,99.51445089402816,20.845042703990945,37.21951797008165
134.18784149687164,99.0442160915621,20.831210632057278,37.25472059733399
134.25344102970317,99.54099445515008,20.70001156639423,37.166715733276476
133.80589940739742,99.5142768554686,20.693078958793194,37.220150932639456
133.92764717470303,99.07431025508097,20.449583424182002,37.19739683444983
135.3605950884404,99.05848366793043,20.278279704805858,37.22905000875091
135.00002630464527,99.12024852565081,20.10367942716164,37.10552029331016
134.1235391983452,100.10232647452972,20.074792753096283,36.92322528221779
135.55310326560635,99.28655734279184,19.87891049660831,36.779266293670744
135.17482257102873,99.32768804078594,19.753196451157713,36.697004897682504
134.35743235061986,100.24831520745083,19.630154536199395,36.613572920128796
134.47180982161703,100.34897340016376,19.40139959420502,36.41225653470295
134.9754526858758,99.52467234019892,19.262803303692806,36.32347977862197
135.02578970218795,100.46366432598478,19.162129271068526,36.17550668469384
135.04151301390127,100.05388300796237,19.130682647641883,36.13396871529692
134.59875866483705,100.42798440605858,19.156241573682774,36.245715691192
134.5867050007806,100.0867565855527,19.18034890179568,36.0661389419371
134.6050019984536,100.50640614739876,19.14375490644974,36.08664367978945
134.624443790046,100.05964247108166,19.104871323264884,36.120693223642185
135.06205464190805,100.94204129473775,19.088961046014177,36.07451842927678
134.1651526077093,100.53297815614646,19.16604702027548,36.03428565939129
134.19851587288326,99.99603657724074,19.099320489927543,36.24907907732438
135.04355606761183,100.01770796287843,19.131448966294617,36.205736306049
134.553122799038,99.55384638335183,19.251296831659275,36.27244079331916
134.039821177365,100.40788028151223,19.41384308436063,36.29248697828753
135.291276424351,99.94743753009608,19.512350932670415,36.34623303369259
134.38567449672203,100.41394378131143,19.584317062967628,36.28283939374225
134.33911993289345,99.47901985510094,19.677426190624765,36.41285287745754
134.27952047974907,99.48561324509666,19.796625096913544,36.399666097466095
133.87032055092894,100.364786418419,19.739753401408983,36.391862857111086
133.8662873054243,99.41154437113842,19.747819892418242,36.549979201800824
134.79080091244586,100.27838073638307,19.65209792256369,36.5696117155001
134.3021224798499,99.87404414601875,19.75415176092647,36.502981869399605
133.87763512410655,99.82059742581116,19.727058192723987,36.609875309814775
134.78763807939046,99.35453362753589,19.66141202633328,36.66482303427675
134.29694334362145,100.26387266458069,19.76593648763768,36.599874980654334
133.79254636018936,99.85299012528883,19.89703241141365,36.543942016149806
134.30391360394387,99.3233630052347,19.753413878669555,36.72408030149316
133.8159031345965,100.27553695933419,19.850121021988773,36.57835998404508
134.76032776412416,99.77133864816494,19.718914341155426,36.707935317272614
134.26787792779535,99.36869993461437,19.82532893047356,36.634727661034276
133.80518539427976,100.21925726347429,19.871485868535764,36.692069261252385
134.7213020432634,99.7422555665546,19.80097881143609,36.76520953465797
134.2994417446077,99.74270500039921,19.763965156904618,36.76431066696877
133.82212350843932,99.32119973041794,19.83851446268688,36.727234040376764
134.76506732973425,99.74396227580043,19.714261255684736,36.76252616740567
134.2945107787023,99.336345537911,19.776164892644626,36.698550178080495
133.84665155063797,100.20340957611131,19.792556129556427,36.72307654011348
134.7116894829117,99.81202026068337,19.822418744510802,36.62588593121844
134.255819147071,99.8168443244152,19.85511141133036,36.616237803754785
133.82929440299665,99.80469819139567,19.82869580710534,36.64053006979385
134.7271497346765,99.32901403907184,19.791727678183683,36.712527107222506
134.1986610424295,100.20395246387513,19.96890545220669,36.72224947855781
134.2161317110432,99.27590410515745,19.93396411497928,36.81239746989422
134.21377501611497,99.25663065569947,19.938677504835752,36.85094436881018
134.06805559639452,99.27491739144162,20.230116344276638,36.81437089732588
133.13884006437056,99.75361570270282,20.310954103779345,36.74577092707611
133.52940851327196,99.25845720343891,20.41898069524253,36.84692443633795
133.9651718008339,99.7089759333243,20.439954205923527,36.83838706237207
133.4590197238072,99.22853896267088,20.559526743764515,36.90652938746648
133.44469238724201,99.16844787548843,20.58818141689488,37.02671156183138
132.9794590355029,99.17237056213389,20.62060710379269,37.01886618854045
134.3221177356992,98.7075973229456,20.6307229033293,37.04993493360729
133.34493315467606,100.12060607685595,20.786873547092284,36.92124520321157
132.87198051013675,99.13125488656631,20.832913182209122,37.100216275867304
133.35749557767616,99.54446401820707,20.765179371608586,37.17709433706416
133.82157144380812,99.0953889698232,20.740307235715562,37.171964837460926
133.33031789643385,100.03565555884053,20.8200342793752,37.09699176160415
134.30535074672545,99.5692645113958,20.676027386349254,37.12674445271499
133.40766348675052,100.05443770788688,20.669369061800978,37.057414481981915
133.5223431516885,99.12646657139626,20.44000973192505,37.11360007914708
133.6165107918042,99.60184071020007,20.251674451693653,37.059648734474735
135.0781823927938,99.18245348830024,20.00668424655667,37.00563884599365
134.1654165893315,99.71413096231022,20.056618808943774,36.83008242024244
134.29729735037395,100.15802841232988,19.792857286858847,36.8283518112096
133.96239524096998,100.2130105549436,19.581136088620983,36.71838752598218
135.36782159684063,100.1990417228708,19.399116907076344,36.74632519012778
134.930709629418,99.80286491218224,19.399775055854512,36.66511302543779
134.498288461146,100.7641096644017,19.392234907395213,36.48738849100552
135.0805802258807,100.29187838750951,19.097289452408667,36.562212970307044
135.11318716020648,100.38850870082362,19.032075583757127,36.36895234367883
135.16051018279032,100.41800756793455,18.93742953858945,36.309954609456966
134.72015325652984,99.99445813139945,18.958926650990737,36.297836742407455
136.05945226951835,100.40336071585016,18.858553808879915,36.33943996812808
135.6365964014179,99.96644217736451,18.845972809509828,36.354984309528405
135.22784598074978,100.89258817847642,18.805169195093914,36.21930121880882
134.8327355166077,100.44145396882372,18.739780666971477,36.26596018170761
136.23769616606072,99.93465487366994,18.495365860362412,36.4243895412495
135.77690171710472,99.49970189453441,18.56367632349747,36.441017064743626
135.34887555105465,100.38489499608221,18.565027336550965,36.380033499741394
135.82560393736844,99.52396130940674,18.46540090459004,36.39424019175893
135.36352099157648,100.41294469379926,18.537247686620066,36.320911642081825
136.2803799924351,99.90360050649346,18.408497707797373,36.48711600524614
135.81584957759188,99.49170807485618,18.48486126449855,36.45820359553541
135.34762132670843,100.42500426359616,18.567725049333003,36.298796651920306
136.29366017101202,99.97447212574966,18.381018110826894,36.34717555256276
135.83082749039482,100.03187900017129,18.456511515210195,36.2323618037195
135.42038142703413,99.58407621713093,18.42761125442029,36.27817498228889
136.73671969125613,100.44559059903722,18.34483046141313,36.25507670876755
136.70674073465358,100.06950454025832,18.404788374618224,36.1590516583159
136.6460936409386,100.10753927741676,18.526082562048195,36.082982183999
136.21717879068143,99.67067727309333,18.53511107487328,36.107905004956606
136.20906571655922,101.031136548832,18.551337223117685,35.93495399849782
135.74811740473535,101.00996154019248,18.62617002523384,35.977304015776866
135.34860725081415,100.64387464509048,18.576216027016272,35.86050349992095
135.42838609760503,100.07714536078188,18.41665833343456,36.14756290777692
136.37875668158622,100.0853902292195,18.211639572704414,36.131073170901686
136.3500962310412,100.94161993154889,18.268960473794504,36.10677157040161
136.01700235657196,99.94977785573816,18.090435005035282,36.401029286627676
135.61020213749086,100.28003072572633,18.058100762202844,36.586458227645934
135.69506557376448,99.82382679830681,17.88837388965559,36.65077897742735
135.2059017386771,100.24993229041958,18.020618546280993,36.64465100675116
135.31019676614812,99.80067976197228,17.812028491339014,36.694867907801346
135.84926502040597,99.70816643094435,17.57929309705728,36.87989456985721
135.34626195902,99.75149704620253,17.741246626992204,36.79323333934085
135.81787243180707,100.12638774672986,17.643632646346138,36.889058903214256
134.90229637997652,99.26778357742174,17.78417130710625,36.915653798929526
135.79978617853203,100.0752101673425,17.685472546441876,36.99708145553464
135.33871183292263,99.63891138316467,17.76001028285161,37.0220680690813
134.9066962763422,99.65055276883787,17.77476838248765,36.99878529773488
135.73797341439717,99.20662046148746,17.81059428565203,37.03745982279851
135.2432351649636,99.651435283573,17.949692985034158,36.99820797811243
134.74175469769622,99.1705750708686,18.10043069955031,37.10770518350265
134.28167207078664,99.21073345689086,18.16415505324741,37.0273884114581
135.12616431496735,99.19144371557428,18.187916820237234,37.06596789409126
134.63726578067468,99.20855987781884,18.308364590004338,37.03173556960215
134.15771808504286,98.81151964967815,18.40852279666043,36.96687884127595
135.0499243243503,99.57937414938232,18.34355651350766,37.15061603732974
134.01089377904358,99.20644052164945,18.69904588279726,37.03519743213355
133.85475381144826,99.22233333911034,19.011325817987906,37.00341179721178
134.50974290061765,98.83807955813398,19.442690319552213,36.90124801921292
133.98094492594268,99.73558285620308,19.62369375909877,36.85942644268149
133.81766975204602,99.31281913488317,19.950244106892125,36.82587015384722
133.19466821602379,99.7767863094611,20.31206421251079,36.78211877111714
132.62733930396053,98.93594623301334,20.55700284657944,36.68436054389697
133.39948828185038,98.93547531628832,20.797603972492023,36.68530237734701
132.85235686924085,99.92007409309343,20.995309943054213,36.5092185330505
132.77455453844672,99.50095939980666,21.150914604642495,36.45014166017998
132.685517167113,99.08097317433871,21.328989347309943,36.39104561518153
132.65011047444833,100.4210127961019,21.39980273263925,36.414586220239656
132.05726865138396,99.5803860982394,21.682732256954285,36.29033137233733
132.3891436943862,99.61090156717903,21.924669332141825,36.22930043445808
131.326304367371,99.73615250843213,22.23263256251677,35.97879855195188
131.6562161062429,99.32323466318141,22.483112251335694,35.89433107589057
130.58766747076592,99.89259376016584,22.793720081196096,35.66885760246848
130.39041519088255,99.44267881546533,23.188224640962858,35.65361564344181
131.57838575043692,99.97240583697922,23.57657407620196,35.51559178519666
131.11343141773983,99.58401193895406,23.580657988308957,35.366554827959774
132.01047104098012,101.01757644743611,23.63388313102168,35.27038239478569
131.06604954596474,100.17661005799019,23.676546172789017,35.10613522541415
135.90236574001727,100.94061055294333,22.295851686566742,35.420787102592925
135.559434393232,99.98756901644207,21.175656302691905,35.52081209815009
137.78467578810248,100.5033211091306,20.267910071983458,35.374992052531155
138.16468151000282,101.41876842902117,19.50789862818277,35.280406714770756
138.9898535267822,100.57647780345539,18.711377572241553,35.25734201066725
139.70928246344113,101.8770309822105,18.1123757368575,35.17580376695848
139.91824178764458,101.46287743220053,17.69445708845063,35.17575244504213
140.8604639513095,100.65012335551688,17.452302214120603,35.158971145409616
141.43923753039033,101.84665303496203,17.11146390448312,35.21603833209179
142.02890383580888,100.97468889571701,16.743762223900603,35.3367047500727
142.21296904192457,101.34277782991771,16.37563181166925,35.40751948803147
143.11077222498625,101.49969088324656,16.183215758410675,35.0936933813738
143.6643792630747,100.77653713740682,15.869664953117427,34.952674331285934
143.77814855766084,101.72188846472096,15.642126363945142,34.634212066552905
144.61045351990757,100.26181199044463,15.532521239834924,34.44435541433911
145.0609528958598,101.38898568869034,15.404344009938143,34.50847258387079
145.1481870722676,100.22804085144011,15.229875657122559,34.515860940518664
145.229863571957,100.21257277201126,15.066522657743738,34.54679709937639
146.0592480649941,99.86916866690831,14.939968744632186,34.467497773100945
145.34279430404982,101.02028666157736,14.847423818550014,34.45344045571906
146.06263110352978,101.06152063762696,14.929527163736973,34.37097250361988
145.68491575432992,100.74949472763466,14.923813480562874,34.23387994203065
147.50653310146646,100.39804465682664,15.07587002350974,34.1777218362027
147.18597807907514,101.48315471406896,14.956055763834668,34.29027463509112
146.836468307869,100.72482813197335,14.89463157152787,34.28604032984425
148.37011137421274,101.94145349166845,14.864540567966907,34.13068595729891
148.01358428295387,101.200252821149,14.821076604268537,34.10005100590553
148.04187430746774,101.14564750948979,14.764496555240799,34.20926162922394
148.7503518678711,101.43590029318288,14.859321049762261,34.38464586950187
148.71516879996204,101.06024640295574,14.929687185580425,34.375850687676746
149.81796801808375,101.41387371815415,15.007742269409695,34.429813897304136
149.03997554211884,101.79874888810649,15.036974371936381,34.42343998210104
150.59015646039228,100.75108999732399,14.991811057496804,34.227358872085546
150.26530351787596,100.32598354852351,14.881354207403705,34.317409034560754
150.98181727097656,101.18770695710715,14.96736397417989,34.11299949037084
151.74961622487686,100.9084663381897,14.94791575869157,33.9134058820496
152.61837688045173,101.22152641321537,14.72007348841386,34.042125252434246
152.7194026517147,100.86144518345088,14.51802194588792,34.00960155485641
154.11368339272593,100.39214215584448,14.724038703869567,34.19956305006818
153.6499793266979,100.61696181806207,14.89641210184285,34.504958459715844
155.1159834133925,100.86114597795316,15.014401514622833,34.779089536475965
154.7279316458272,100.41542353463736,15.021954156018031,34.90198352937214
156.44072721452662,100.31201427131268,15.448676970689338,35.1088020560215
155.46928374422046,100.65950132696608,15.829591438108888,35.194814181311074
157.53978949114904,100.24761683550777,16.422180772596683,35.22964969283685
156.4962044421802,100.24729688243796,16.90971008730031,35.230289598976476
158.23549524730234,101.49599723601489,17.4727838749067,35.15788213053304
157.1774468849398,100.63916516839757,17.954785345676186,35.237451011812084
158.9748631475118,101.00899460182123,18.492679606499493,35.32433750215821
157.8890925858665,100.54654783442803,18.990050129743555,35.412145736921346
158.53697362646523,100.09967866708703,19.38811387380126,35.45897115897578
158.3602383318696,100.50635829609737,19.741584462992538,35.500025645331974
160.01270573666397,99.99680825881293,19.880858052766172,35.65807362006025
159.54556354359588,100.77801284227237,19.94938120557272,35.82718691980068
159.61447421137535,99.71404416990086,19.81155987001375,36.21626790891038
159.5897938149692,99.61170164412079,19.860920662826064,36.42095296047053
162.40250230356418,99.64819823697417,19.495611716099717,36.34795977476377
162.16681551736335,99.17159688372793,19.097627755348572,36.431804948103455
165.10320263648805,98.28736352823105,18.407424713021022,36.472747927123265
164.99948399069876,98.28564020501862,17.76239378936596,36.47619457354813
166.994254825585,97.7853452777765,17.138231362699177,36.635439617255976
166.82212749318387,98.19358763429375,16.649688726626973,36.65175220509589
168.6117766347969,97.76916494491559,16.36832932942821,36.67611286234538
168.77635338776116,97.68335229535239,16.039175823499694,36.84773816147178
169.64314486724618,98.78431415834524,15.938771276681976,37.09558205371449
169.29610073486907,99.63659707803345,15.814455696884608,37.02782390344133
171.2250788403975,99.23327988524423,16.032627891182223,37.01923260794885
170.75058110551512,99.27810926435538,16.162666593240033,36.92957384972654
172.6691225260375,100.45033281969536,16.425345563486022,37.04498382582102
171.80018125471034,99.53844681012691,16.510724869840466,37.21625260865801
173.4038927971167,99.9739309266894,16.62425263469877,37.17552208795078
172.5364936782776,99.11987485179836,16.695764364439334,37.22034772979525
174.43036697377642,100.78071359591661,17.075769723778308,37.23287180182799
173.46642958628541,99.90578855869717,17.322848796531,37.301926174037604
175.09969238894035,99.0467811177949,17.439226251096603,37.3284895259044
174.67574320964115,99.52982501150791,17.438978411817217,37.21054793635618
176.77442199404135,98.62442758496661,17.473742788086223,37.328494011410996
176.47353715405256,98.71451661726806,17.226763347928735,37.148315946808125
179.2610266001673,98.66780303122898,16.70264631874493,37.241743118886255
179.4593067822881,97.91394536257484,16.30608595450333,37.08149478049794
181.31571777982035,98.70656798597129,15.891988670333513,37.145611889152356
181.46037063400388,98.7698755537288,15.602682961966394,37.01899675363733
183.02563078074735,97.96147371723754,15.717557440067964,37.013103040825584
182.62250535498046,98.2743305355719,15.710510129661616,37.200687566096995
184.82149654592965,97.80628680192125,16.20783480543337,37.32089052378663
183.7949942023435,97.7021073840285,16.60800600268387,37.52924935957215
185.547142162845,97.69108288761147,17.28615260031203,37.55129835240617
184.88646650216532,97.72155518480287,17.75879211245024,37.490353758023375
186.7442886605904,98.99986049570529,18.32355320518653,37.50198638197043
186.0520968023126,98.12004937155436,18.841861363007517,37.52945751280312
187.1247228293652,98.95297828751838,19.322981154077965,37.614514244325505
186.04031424629324,98.07185188762504,19.72177749102229,37.60674621491259
188.15861762958815,98.90795628629084,19.943971875525985,37.71805787801841
187.52847673694268,98.38060410002328,20.307040037871555,37.87554862760817
189.36279064273813,98.27693890235419,20.261445573895568,38.082879022946344
188.3816092231817,98.1189679229573,20.407749861768092,38.398820981740144
190.3530962208049,98.53316057471257,20.125530690330375,38.48562438418177
190.4139970451115,98.02068117090894,20.003729041717172,38.59896472259122
193.42738056320064,97.5458463656856,19.444089787834475,38.63744636932196
193.3454944429157,97.5319079488347,18.70576389494792,38.665323203023775
195.90965028133667,96.68966587281184,18.025989337507905,38.57039250730871
196.66651439453346,97.2254781908203,17.38873949073041,38.37524625090792
197.36636648725403,96.73687716212166,16.851520606675315,38.48996300691919
198.01580850561774,96.7373479008678,16.407339019812365,38.48902152942692
199.40648676651355,97.05840905995939,16.16651593273764,38.69374368948269
200.35507069845775,96.9019525305078,15.960419496954993,39.00665674838588
200.75381901393715,97.61968469506124,16.00931139401133,39.263969475309196
200.71733832126333,96.7113319054798,16.082272779358934,39.378738785326306
201.42648463756888,97.95659360745594,16.371822752307736,39.449979289713845
200.90880392955893,97.17537838850566,16.547087402258352,39.29221619547579
202.95835000925055,98.89956460867677,16.752635903008887,39.2875562832406
202.4811128845752,98.03830132057874,16.842609562397815,39.28108167951312
204.5774245446053,98.45061387217709,16.979977207120065,39.32245476927288
203.63752582792938,98.01563272873058,17.121726317204597,39.323392894532276
205.27817605186485,97.42535209721306,17.326585060140943,39.632414359865486
204.8664923969433,97.85443708337394,17.27032364449284,39.653873113034905
206.5888160143323,97.72458985295656,17.34146574830504,39.91356757386968
207.1302398385666,96.75987820363596,17.142581339383405,40.075064393416966
208.58816938800953,96.27905816236347,16.875083197664882,40.15391749023952
208.19329761071754,96.24938251676082,16.785636439424486,40.21326878144481
210.46616934064681,96.21126172267675,16.632197746842053,40.28951036961294
211.46550578842934,95.71478529203969,16.38719773569447,40.40562678867831
212.73269757623154,95.72339590470125,16.4752672820761,40.38840556335521
212.69110972450645,95.65209172485919,16.5584429855263,40.53101392303934
214.81223338430752,96.42427341549615,16.71123331622092,40.74466560188414
213.85009248877043,95.94555425813192,16.865901904964453,40.81729731544725
215.80294251099838,95.93106895131915,17.403222356619686,40.8462679290728
214.69946891144758,96.42606398035556,17.813068943880296,40.75482817692044
216.6264363262379,96.87617776736838,18.48146419574995,40.75906661918488
215.84093666645407,96.92351060914467,19.13618143885399,40.66440093563229
217.84149005356946,96.88259917951281,19.766872715893495,40.74622379489603
216.65216122353542,97.40583830901865,20.268459735112565,40.63828085630886
218.2392448528646,96.81890129703208,20.876915170453557,40.86649920678214
217.04811677392124,96.79875485109264,21.340145041395616,40.90679209866103
218.3205054110058,97.24316727588341,21.699618603278786,40.98605086109692
217.27172885646746,96.74809156253892,21.846321349510777,41.000777106363564
219.74280993099316,96.68893976690472,21.794952763956307,41.119080697631944
219.31088483290478,96.12487000436067,21.679784416754742,41.26820167934169
221.94336438034608,96.16144379264476,21.31099597006126,41.195054102773526
221.10758480801138,95.75876501600334,21.038923305377164,41.028595751379655
224.51670859315337,95.71050453850168,20.00878509556261,41.12511670638295
224.91430926305407,95.21523692697569,19.21358375576117,41.16737991605493
227.18134407224517,95.14081236677772,18.41965987195162,41.31622903645087
227.54999147855938,95.55710291721145,17.682365059323214,41.40693303751746
229.64754873927274,95.57504656654693,17.133635797441556,41.3710457388465
229.84511027297762,95.21331654987256,16.7385127300318,41.1931548731344
230.85543658516093,95.97246633310633,16.501374761254134,41.45836996225577
231.03309449147068,95.54105558417031,16.14605894863464,41.429844654839115
232.74051322808495,96.4176028040967,16.269544322713685,41.445911638640126
232.36424674720482,95.8862278545047,16.13505461120369,41.62163886455389
234.43196963539083,96.82791106887217,16.435304165031088,41.5125505678987
233.9524065630124,97.28803624598596,16.503484568978667,41.4832459544804
234.71408712310028,96.8206241888313,16.76360836557156,41.52632761040539
234.63722747071594,96.83313637204253,16.917327670340235,41.501303243982946
236.30338827325647,97.28625493232954,17.182536772548783,41.49444880023131
236.21559283267646,97.30735184656203,17.358127653708756,41.45225497176634
238.2878508543122,97.23036263135498,17.746152082479046,41.60623340218042
237.65725849149283,97.54269606279405,18.091729979162267,41.89717336825784
239.12405650321733,97.94158452458703,17.93590742778756,42.025320935363325
239.6088626208314,97.39394814043062,17.891319327355685,42.195569568879904
241.5515807607911,96.93197621800813,17.712668642438693,42.19281701497428
242.10087605857922,96.02094121816425,17.537569226583017,42.167904655220894
244.02742268291348,95.96485718443088,17.364575098937618,42.28007272268765
243.82617456592487,95.86831567613191,16.848502207808664,42.473155739285566
245.762819375969,96.18557960602894,16.623812765052037,42.75077792382445
245.8660088926993,95.67540318321815,16.41743373159144,42.8590100813592
247.5490838990961,96.55497552282658,16.69117542880321,42.91981125714503
246.97552778914564,96.18273860248495,16.922531235540333,42.74852868466453
248.82465265434777,97.14353549826019,17.811454838589693,42.66180422649546
248.1295291591298,96.59004652137195,18.269685734174907,42.8367660854212
249.96390963647946,97.47785453813364,19.314240556934717,42.94647636288148
248.64561701220842,97.59286744206375,20.025497409327432,42.716450555021254
249.7376412611106,97.57866443125468,20.756770241838172,42.74485657663941
249.10035422870428,97.10077739990506,21.04642011121184,42.71570644389964
251.28395339373964,97.49211403648266,21.626848339179084,42.92255848235204
250.1213576583024,97.96396686867708,21.946838784664536,42.981453330657736
252.05307752789335,97.81098875369278,22.119355910610864,43.28740956062632
250.95191492790295,97.26040135268805,22.28877594206581,43.37213177837285
253.6984483042234,96.69799078223687,21.898793024210335,43.4763361523181
254.29652197795545,96.70157856578325,21.7180591506719,43.46916058522535
257.3087214881402,96.60583745583742,20.754573734518996,43.660642805117035
