297.5,96.5,23.0,49.0
296.5031978831802,95.94968092266188,22.87838116741253,49.100638154676226
297.22292606155395,95.29089017525274,22.55348917062416,49.3036552895353
295.32501528939997,95.13654386008145,21.901979019816295,49.61234791987789
296.03186993755287,95.04598681665183,21.593141200747695,49.7934620067371
293.1322342642493,94.30899028976366,20.780107348303808,50.165404194004964
292.9895698125024,94.30884494805166,19.972405818263823,50.16569487742897
290.66923791243255,94.91276605429105,19.219831812452792,50.03650022614033
291.37549260851495,94.40865362078318,18.870637945827582,49.98140956761652
288.8384432201833,95.1532420312303,18.66348789466624,49.54848251228719
288.29970754150463,95.3428351081065,18.694644800676816,49.16929635853482
285.9907398143356,95.49077056822364,19.14683403989983,48.87342543830052
285.30987140825005,96.1337577970311,19.463271830675875,48.632750002080535
283.4245030452264,95.79103003105195,20.09152913271574,48.270712392703004
282.64979828995,96.38695467167352,20.58748132134402,48.13232043338439
281.3078939236998,96.41988324615636,21.150799838625943,48.06646328441872
279.9811596343199,97.48828453351533,21.665800251754344,48.068128875332135
278.3959937785975,96.4400194458445,21.601187632139407,48.008029496633895
277.87713763761593,96.48876807450642,21.562592203664497,47.91053223931005
276.5953076840423,95.8412227350122,20.903608643968095,48.13140842935066
276.86939043454134,96.20546219359574,20.355443142970156,48.46874615181369
274.0919169958153,94.6715509746769,19.544396276546852,48.353571717713706
275.4723942273487,95.6563337601228,18.873281403000263,48.4738457363421
273.14993709117454,94.77676529958684,18.344909094036083,48.16366802488903
273.35073853650465,95.23198721419075,17.943306203375883,48.27394707181686
270.2997167238061,94.8584747222792,17.954900562865316,48.00589717798871
270.2730987299968,94.85532916308125,18.008136550484014,48.01218829638462
268.47326962122077,95.57297072982016,18.570318200120383,47.589397352211996
267.83631481468825,95.1761644992547,18.82770717394774,47.36648917410528
264.7006045148575,96.82782818238758,20.00953057009316,47.11692012994916
263.22497114422987,96.96577687233847,20.890123929367732,46.8410227500474
261.7005930044838,96.4243117274091,21.845127228404426,46.87707654967836
260.84067650454676,96.44679283710684,22.500820670209208,46.83211433028286
259.54135890955297,97.54650025850265,22.949621044852947,46.782534302835174
259.2653750851967,96.96194947686882,23.501588693565466,46.86964506853688
258.11016099341,96.9800157213502,23.626363924710237,46.83351257957415
256.9888823871359,97.9373981094468,23.680012452002057,47.10765648863728
255.62805904713673,96.2556236790982,23.103466215328933,47.173012432663
254.936747692567,96.1894938019046,22.305353815130978,47.30527218705021
252.78908323678064,94.50278894780556,21.20862580566714,47.44344774262639
253.72479559231724,95.93305378230826,20.398417544658578,47.76656742381496
250.9817215287322,94.90171123297966,19.57489707263226,47.7260296560734
251.7686840154501,94.33547073022802,19.037390381073564,47.82209237969961
249.32196595655432,94.9993176467143,18.78972087828234,47.52261967084363
249.43939757079337,95.30896412320251,18.554857649804212,47.92281341500278
247.23374631091642,96.06623125264701,18.88202472054315,47.429313018367516
246.58405964119447,95.60127778025789,19.161604298667527,47.33942620182621
244.62253609412505,96.70747947000407,20.014188798185614,47.17399788541428
243.18536638713206,96.38923819777268,20.816039731177227,46.774236189379884
241.80506228558554,97.05891592871185,21.48743821992722,46.479485584673064
240.5219127026233,96.5802092080049,21.949538212315787,46.384799439318996
239.26781384032049,97.77225353784007,22.34015295551093,46.11829376105911
238.7005851149359,97.18207023378095,22.41290702514418,46.23695698804148
237.70773202729117,97.25961428070099,22.269212040799857,46.08186889420139
237.32808828260139,96.06944898527965,21.96856112167791,46.34232266804099
236.20512072825295,95.68798217109426,21.038984223896776,46.04675229425242
236.04460261377343,94.56268037370177,20.322065208685746,46.22144540069736
234.39915866459486,94.28866731354199,19.50137432096396,45.74157682449716
234.71871830695153,94.23814700175673,18.862255036250616,45.842617448067706
232.93225268001012,93.41207369915269,18.448856852979084,45.5015993346986
233.07578208777133,93.65919729206185,18.161798037456652,45.00735214888028
231.19459877060703,94.70819012344745,18.035876212301204,44.85351071585107
230.74281778326082,93.80097599907484,17.971827228316275,44.73271704724155
228.9268443287136,93.92727125407593,18.709587040175464,44.480126537239364
227.1029347816803,94.49534204227544,19.43479093708004,44.31819002656101
225.2472881228456,94.47546249652147,20.192044838267826,44.35794911806895
224.39236165995575,95.04019420879696,20.903330498844223,44.227052958721195
222.5944052556518,95.36214993851807,21.47194442026187,44.5922411283424
221.91784064666533,94.6956454185392,21.800744435832357,44.900920965897704
220.70245665411883,94.49182141705019,22.162408622227012,45.30856896887574
220.13113851904762,94.85876586202998,22.258257160131173,45.621467811154425
219.00043415302207,94.74794188368153,22.413618301837815,45.84311576785131
217.97929010774288,95.13201543594674,22.337987270266694,46.133928224385635
216.56167193858613,94.58271719813445,21.9875414920569,46.17063066116914
216.73872384926264,95.11033051743618,21.633437670703884,46.17173555902477
214.5849205828726,94.50424904075467,20.6901857928424,46.33372683025947
215.36813377342403,93.34983768993024,20.159760521047357,46.57054731329261
213.16932927397943,93.86976840775252,19.40692557970716,46.56077466569392
214.4864494248287,92.76597860160871,18.80592742468061,46.73511213130955
212.15212399963292,93.98810594550264,18.432368183061286,46.307741480326044
212.72552491493698,93.61097932444667,18.28118857482215,46.066372500068965
211.26222947991795,94.21380678521942,18.239434640603147,45.85016584660913
210.77102354797375,94.24682104276332,18.236255129715545,45.784137331521336
209.31376633736073,94.43890032272324,18.197016321912145,45.39997877160151
208.75931914388843,94.19899211264769,18.32755641070038,44.9014408935962
207.5495231448077,95.90173908522088,18.800150735146918,44.41644345902217
206.8867984736431,95.57150156204236,19.150710537808685,44.10202896571174
205.2017228459495,96.57915266764834,19.591245253636988,44.03980444753901
204.58691247946982,95.68769608844921,19.837467619809953,43.85592087236446
203.17788069779473,95.62962129483515,19.700366352828787,43.972070459592615
203.17098404620594,95.20687393598578,19.71415965600637,43.83323128406211
202.42897830738949,95.24130860925722,19.23304937997687,43.76436193751922
202.18583103597365,94.74637162131388,18.7462445876858,43.78113657828313
201.99098059380606,94.0508427995234,18.17119544071235,43.24269415924678
201.2096934134262,94.33287427932946,17.840198617589348,42.678631199634644
199.94603997431258,94.51324335364119,17.569198324733087,42.317893051011204
200.4801238590645,95.02658925575363,17.423781786414533,42.213952477971546
198.6713066320035,94.18992993979266,17.366744124873208,42.04993505206184
199.15264301374447,94.73167924837522,17.3193594681587,41.88172454166418
196.91961280938835,94.30093308704397,17.225323914036373,41.831197671759746
196.44518245283655,94.46797689163287,17.264565665522863,41.49711006258195
194.99893120023287,95.00504695425636,17.44058183811562,41.328465381539836
195.3485291712969,95.00615933196595,17.647567526519364,41.32624062612066
193.7064175606194,95.00996810044356,18.20234924226418,41.31862308916544
193.66219292797703,96.23658390859573,18.290798507548892,41.62387847812037
192.02653746802997,96.09065595089527,18.78567550106549,41.9157343935213
191.959383005965,95.5752754433952,18.919984425195437,42.00807772272477
190.9147931845199,95.9170914006802,19.12492970506238,42.26656298966639
190.40229226220168,95.83787651201011,19.200463470086063,42.424992767006586
188.91660007788505,96.15834694744035,19.31256429456308,42.73714641086487
188.44016031784832,95.50710189907014,19.305848549344105,43.08004124231284
186.6005229074097,94.65465624814817,19.127301156869414,42.856021437480806
187.0669649204472,95.13048210002344,19.152483833525,42.8624364364609
185.86974135686174,95.72212577073789,18.671123565017776,42.63775156025807
185.53958811489582,94.93015472963276,18.384558344275234,42.32795023311972
183.82707271663293,95.95359291438587,18.060267748800513,42.15573455961378
183.95310150217824,95.43980468094631,17.808210177709867,42.2542013172379
182.62683629259013,95.38390926590783,17.682526060815473,42.36599214731487
183.0363433121457,94.84754796188382,17.78896933662155,42.51325744044565
181.30394200179114,96.68338733907244,17.53588300123097,42.55946764216813
181.30269414407243,95.86783893567383,17.53837871666838,42.33927467514408
179.70135990625548,95.53596953889755,17.97350996664518,42.08050106014427
179.1575193502994,95.40197760295057,18.134703791454115,41.421997644935
178.1142286180517,96.8510878166469,18.38168162170274,41.28318266891246
177.97002596461544,96.88461742752348,18.67008692857522,41.2161234471593
177.43813415550835,98.76567277811678,18.807640297648827,41.15893374253511
176.90092635825525,97.65960803311035,18.954244886381456,41.515441221000756
175.93876572559972,96.6837017244728,19.00744258635094,41.59613027293433
176.31050249179742,97.70555059464701,19.201635842784114,41.42776611024312
175.20807518234878,96.85728590280155,18.590637732355688,41.24706034105019
174.9554873522594,96.51614178651451,18.170528191275544,41.00406337236538
175.291445745599,95.69767462865613,17.498611404596385,40.81224782122683
175.05499231726844,95.49743193528286,17.071772856975965,40.312987803691826
173.77923227553293,95.25633293559859,16.968371447727396,39.91021197215383
173.86240444511077,95.3979750942831,16.802027108571725,39.62692765478483
173.05977570583616,95.87394687879075,16.666722289974583,39.54526523434269
172.67056069869756,95.94998861034344,16.578448033154533,39.393181771237316
172.20732938263296,95.9746740700191,16.641968065969937,39.34381085188599
171.8470912223662,95.95406261562954,16.499089668640572,39.38503376066514
170.09009749023008,96.3734088559788,16.56740574439998,39.4077591270948
169.5705073321744,95.47226570688443,16.74362861441101,39.484130533082904
169.44504057992384,95.84870120067785,16.994562118912114,39.598442640578554
168.4666338440777,95.9000190271211,17.204824657978588,39.49580698769205
166.9657482687355,97.59347319931507,17.580087725934312,39.610909420275654
166.85995683723988,97.12059692823473,17.79167058892556,39.67288012284281
165.8259799257843,97.1118856573733,18.08282272120257,39.69030266456568
165.73043783478963,97.58477840198861,18.27390690319189,39.63828049750309
164.79596212922436,97.25154282062317,18.350150568010168,39.40839778707784
164.77521202021057,97.79935307420764,18.39165078603773,39.2071195470491
164.03193059948157,96.89970020424522,18.09394083530965,39.222152494787835
163.31590183879783,96.85065759656385,17.75169504405951,39.320237710150565
163.03405384496477,96.00445619397439,17.432811857984873,39.24748216784805
162.76848559809685,97.45589152382273,17.08802848917732,38.97237109578163
161.68197176815931,97.88553064372827,16.663474057288067,38.97895355322529
162.27530743674393,97.88502174388957,16.33526323362404,38.9799713529027
161.10903872675902,96.97019779827966,16.10981346112603,39.10429444914397
160.77489526631695,97.84699094022459,15.92764672805038,39.05161547317373
160.36502551842133,97.8621461827052,15.900932857862479,39.0213049882125
160.39667160026755,97.52032316549808,15.837640694170048,38.85941014348352
159.8801174978108,97.18592185378273,16.028668374317103,38.68613224214777
159.437862553976,96.81345867950978,16.070199618980396,38.58807994768743
158.87955606461887,98.29152453401272,16.344511678040966,38.15885099764255
158.42376642289116,98.8392637695169,16.415132780444683,37.90433070768585
158.04954898065654,98.42494875598823,16.325044846193514,37.894437916022795
157.18632354161065,98.40587916297642,16.377918509956608,37.932577102046395
157.17686648251146,98.36943343347153,16.39683262815499,38.00546856105618
157.16298378434087,98.3910350992471,16.424598024496174,37.962265229505014
156.8962531233708,98.39233000598843,16.11853075088739,37.95967541602237
157.79646137381638,98.4684867849221,15.986274164338202,37.807361858155026
156.7251067083472,98.46539494920253,15.640374052811797,37.81354552959415
156.85213455294297,97.63170485666726,15.38631836362029,37.83394687831523
156.58060274356583,97.17868422094321,15.110117584502238,37.92072375189102
156.21069137363403,96.83285020877828,15.034352039393985,37.796803491249
155.43006393236925,96.44226715087925,14.970703482720028,37.765517887445284
156.2276213584495,97.35359876347458,14.997317260215631,37.56458329191077
155.92639733073003,96.55333289284948,14.791316990126017,37.54821838210377
155.9800066794566,97.84325764363282,14.684098292672838,37.381963194258944
155.2809075971328,96.73023197682558,14.481851206176138,37.20734665115694
155.36105972628533,96.39418818327283,14.321546947871097,37.08534279282544
153.80970330691846,97.5933700226172,14.266399287573286,37.844839613168276
153.32866831336668,97.08473998342322,14.42909641805153,38.06272683493095
153.36284688633347,97.30758216841261,14.36073927211794,38.42246681604371
153.35313499461387,97.95078908099481,14.380163055557167,38.75475611404632
152.58069352134555,98.22694867184691,14.296121071425222,39.016899397676404
152.60694087020437,97.35610680710714,14.243626373707583,39.12518535692323
152.54737862672036,97.62390240615696,14.362750860675566,39.406893791522734
152.5200737096017,97.49790187624625,14.417360694912919,39.658894851344165
151.61684197147275,98.73272540718872,14.567670954608289,39.67347761430302
151.53733390856578,97.46022294718337,14.726687080422215,39.72547706227554
152.034058192944,97.17007058108402,14.567854958143345,39.47116534799666
151.63407517105037,97.59574734559502,14.539712297007497,39.44792052389779
150.76774894892839,98.03378045634757,14.617828919636437,39.399122213200165
150.89746598585148,97.18918016504993,14.358394845790254,39.432365686850034
150.09336368525916,97.19940768384492,14.319060317031788,39.41191064926005
150.1840477087359,97.14118882357658,14.137692270078327,39.52834836979672
150.20968810941767,97.87675359891499,14.086411468714823,39.69951202601442
150.31067043310262,97.9172488984717,13.884446821344923,39.618521426901
150.8182118744459,97.02229843508684,13.687201981548691,39.772746267890014
150.40540120175677,97.01858361663643,13.696374510853634,39.78017590479084
150.4829145405122,97.10996570272086,13.541347833342744,39.59741173262199
150.01185727195647,97.96648344158629,13.672171511381855,39.50695797303589
149.59856458959393,97.1117405113574,13.686371998343427,39.591674077966644
150.09658750776774,97.48671227722902,13.504177820989675,39.65558220521729
150.59086481571995,97.07651072984528,13.327065050959689,39.66454345411037
149.35794694717708,98.33886753757164,13.367895482277016,39.564835144426056
148.88259232298336,97.14198685108377,13.510943470336231,39.53561273641721
149.34467011789152,97.54031107248912,13.3966435141888,39.54881992727539
149.01009370483754,97.34010460079412,13.257838214140653,39.14127474450927
149.12517928614997,97.36112880626084,13.02766705151578,39.09922633357584
149.1388603590657,97.90860658259939,13.00030490568434,38.799083379132234
148.33941015734928,98.00508095513986,13.019125210440208,38.6061346340513
148.74880820946683,97.80924381140076,12.987965872843777,38.21017215489082
147.86940318597766,98.38693649557108,13.183920640282102,37.83621442632019
148.22728859239464,97.72727499277235,13.247815811337844,37.59620546413832
148.60112236453327,97.84057994615117,13.277549882504253,37.36959555738072
148.5656445626595,97.1465732637923,13.348505486251863,37.20819894957623
148.07438939269974,97.62319151858341,13.557330709971456,37.02864755619392
147.14850965313946,98.13558106650595,13.859299687742256,36.77876371102375
146.25452959179245,98.93641484611702,14.093738091951963,36.73061787028587
146.6405486758829,98.62295863822541,14.101983988003088,36.57724622183706
146.82514111755555,98.70375489523407,14.511029158450702,36.415653707819764
145.67352588571285,99.40335767320578,14.46457284508476,36.58290600324392
146.19383246480692,98.26425893505706,14.208764844125,36.506688007856226
146.31882229679115,98.53427755201592,13.958785180156546,36.74578179749611
146.71315170469092,98.93863576388546,13.948203645455443,36.715142654855484
146.42288836123478,99.28603971330426,13.751282812348707,36.79778227603688
146.4813418139076,98.79850434887626,13.63437590700309,36.99776460324951
146.60979186893553,98.46446234234004,14.153320380598991,36.89000403267023
146.6808584192154,98.47368974563,14.011187280039238,36.871549226090295
146.65818688448297,98.14980344137844,14.056530349504108,36.73849831354965
146.58070646451668,97.85472567027458,14.211491189436703,36.54892477670718
146.48565184437655,97.87914974535488,14.401600429716968,36.5000766265466
146.75197659051875,97.9134139543691,14.651438765191788,36.43154820851814
145.37395607969555,98.29743343477901,15.04958848109088,36.44947301628078
137.39776857755314,102.50399981930752,15.135746895551474,36.762759371627055
137.2485937933461,102.6766127417861,15.434096463965556,36.41753352666989
137.17127783716316,102.10631814497323,15.58872837633141,36.758452105647045
137.53224629246358,101.96226344737846,15.67412778258132,37.046561500836575
137.86395917839192,102.020918830996,15.823714761069652,36.92925073360153
137.45794213470373,102.24671537355057,15.82178514517742,37.291621351760945
137.03511668793624,102.69045099829,15.848266567926721,37.22331957306779
136.719734335274,101.69241294650936,15.66038048780772,37.58209410574222
137.1879898856358,101.14079082255236,15.544373673929407,37.864834066810985
137.24479717722124,100.24076113731235,15.430759090758485,38.0198480871755
137.58863234349877,101.13627216688077,15.56582366113867,37.87429583390912
137.13238566261128,101.0422494601761,15.655276414403177,38.06234124731847
137.07859067266725,101.54814986696584,15.762866394291251,37.87788381440866
136.75910442658514,101.45251342917271,15.575245492237455,38.0691566899949
136.72475092378076,101.4509746837834,15.643952497846188,38.072234180773535
136.33902244866218,101.40771318432357,15.588124754397464,38.1587571796932
136.96055452632433,101.25144969739856,15.172599643852868,38.47128415354321
137.01091725342656,100.66021663305,15.07187418964845,38.82912478220946
136.59662942992819,100.63214843698191,15.072484301758543,38.885261174345644
136.78853645580875,100.53917946707985,14.688670249997404,39.07119911414978
136.4587127374959,99.99771397948487,14.523761731618787,39.329574134335374
136.96450431389923,99.91375850714718,14.337464037427306,39.49748507901074
136.67985876483027,100.23418411033731,14.082432541389412,39.68095646680626
137.13877243980855,99.3734831872591,13.986930074534959,39.75770854675852
136.73953189955162,99.80489761921612,13.963724063947982,39.716566773945246
137.21740546729689,100.20923122095422,13.828655095349095,39.72857773736065
137.25555620228172,100.6516850635979,13.75235362537946,39.66206415687691
137.2812562941029,100.66931619091127,13.70095344173711,39.626801902250136
137.31122912761708,101.07218313593816,13.641007774708727,39.635686158564226
137.33048628809374,99.8908585766109,13.602493453755395,39.55737629257537
136.91720072428856,100.25634627100253,13.617229842004868,39.638235643153
136.57882138227689,100.61137947247107,13.480732456568575,39.74142530967558
136.9258859044756,100.7517875267245,13.598840419024002,39.46060920116873
136.97459449043782,100.76656079966155,13.501423247099513,39.43106265529462
136.56413155733742,100.7360061055048,13.51415720429451,39.49217204360812
136.59789686008787,100.31397818012812,13.446626598793632,39.52693279780449
136.6028271557113,99.88406774553395,13.436766007546735,39.578195009070434
136.63578076144108,100.64351764199995,13.370858796087198,39.677513313670545
136.6429621349405,100.68982852573909,13.35649604908837,39.58489154619226
136.6040548517407,100.30603570399008,13.434310615487972,39.54473851122487
136.63570674805314,99.5010119133835,13.371006822863098,39.53761092030114
136.6564702405599,99.91344717789653,13.329479837849545,39.52007072344098
136.65919123511767,100.28133617129313,13.324037848734024,39.59061474539852
137.14957019985098,99.46932461304759,13.150507054134998,39.600183592154366
137.18766617940162,99.72480026557218,13.07431509503372,39.8934216737008
137.19512590667162,100.19283919446309,13.059395640493708,39.76430789634
136.80125356093802,99.79381730561917,13.042285638792276,39.75749698085922
137.15274319099285,100.17704546418827,13.143750513029307,39.79548479806772
137.17575068993978,99.11005649342476,13.097735515135494,39.508930611476885
136.31491918865385,99.14466199488486,13.215548752016684,39.43971960855668
136.2680664250417,99.07923018877243,13.309254279240955,39.57058322078155
136.17413609882288,99.45603763062117,13.497114931678603,39.62364007444421
135.59135123715265,99.87305994827602,13.851826819596006,39.60045327455755
134.66014120576043,99.36711850935434,14.080272445775044,39.7953489340982
135.3678219983255,98.89222196715019,14.312749927362159,39.92122248514788
133.57391611659338,99.58959357504891,14.580825674271427,40.18634727762793
134.3331163170702,99.49379773284397,14.739581769985293,40.3779389620378
132.78518225728368,99.14562275430751,15.302880089184395,40.23009898565276
132.63131147796727,98.70267517813177,15.610621647817181,40.26376948260117
131.92971235559006,98.94730719650691,16.155587839616977,40.632737498805504
131.21744268520987,99.69210612594523,16.70683796246207,40.88971807575946
129.63241182872437,99.6624009297674,17.216440308006604,40.9491284681151
130.4437936427259,99.21105268960441,17.38713432267324,40.95509612710622
129.5767073130675,98.67853927269815,17.321629095131254,41.12028401748934
130.03213583801332,99.06335998031,17.311837914624075,41.25170847165016
128.99388139069808,99.9954972837854,17.582765224806714,41.193015449147175
128.56426378957903,99.53684099465389,17.535259540540906,41.203587140906286
127.65485435111931,99.15996302181583,17.541972016979592,41.051289886342026
127.60068229558524,100.5811509410727,17.65031612804773,40.9208231521208
126.36530608452681,99.39861330771772,17.409076773579642,40.57390664224578
125.90176090859913,99.86568038617295,17.441452444382556,40.53448716638776
125.1503767599427,99.02981609747361,17.15478764301844,40.41678264510944
124.87296947902237,99.5262244708507,16.82165819405276,40.311909909161606
123.7191983386831,99.14973206834958,16.487627455128393,40.18437037429622
123.85448711763732,98.83789155245768,16.21704989721998,39.935301889635895
123.12570495294742,99.747801265065,15.945928559228534,39.84416813179253
123.24420465626926,98.92263680359362,15.708929152584865,39.77810511530879
121.50629344051372,99.90676224972913,15.772706069932402,39.51587698011953
121.93153189013665,99.51908893103476,15.77260725080918,39.44084553738564
120.67609399413874,99.4225968913679,15.73559409396488,39.63382961671937
120.70082912491605,99.7381117207652,15.686123832410267,39.85421253897327
118.51109557569944,100.21550566974628,15.79710098413377,39.753122630353104
119.34453494476487,100.67695425122402,15.838678157398203,39.68445342309525
118.30580781968183,100.33570615650922,16.208167705892095,39.512967261688765
118.14194417784132,101.15809322716291,16.535894989573112,39.584386530355644
116.67899287956718,102.00803524413107,16.86694918577713,39.61440142998221
116.07810659717777,101.09958974538343,17.197472483194684,39.68879389275494
115.05788017656432,101.54244830318464,17.481590525019055,39.68124417685376
114.48314276467579,101.10678806321076,17.747997587249337,39.66949689525475
113.96650131937308,101.0733849670383,17.893696130172625,39.736303087599666
113.5849349943281,101.07767987340605,17.76571532546145,39.72771327486415
112.28919493562057,100.69024333293888,17.690973811522593,39.61384581201388
112.35949281691475,100.70554176766538,17.550378048934224,39.58324894256085
110.85935098949639,100.28887448269958,17.019229924512718,39.53372556767788
110.6480409193433,99.8532694152982,16.569075014891332,39.53216065255306
110.04925300137222,99.42345194429086,16.03708309610993,39.527011717206
109.82837901319378,99.42297278249565,15.623577469453247,39.52797004079642
108.67991548980851,98.6821292806727,15.376841842926126,39.31388192891054
108.79916783540644,99.60291979022588,15.138337151730257,39.1530902500893
107.65677951735472,98.9617232484101,14.92168197120087,38.76786212263231
106.92631748172606,98.79597450316152,14.733821869655685,38.2749675267282
106.49348298475039,99.60288896062423,14.78554682596547,38.2890266870859
106.06163934213967,99.54905626836859,14.834160215570245,38.39669207159719
105.0572916446048,99.84287162844055,15.207871527711118,38.62655339291773
104.07400190566467,100.25057500434491,15.519472508379142,38.63863588971511
103.45307740122553,100.68159564503006,15.928091879588681,38.60982424601359
102.86561870274511,100.31575376338142,16.262918724412664,38.501417457173986
101.31033500637042,100.71266728768671,16.840085782779745,38.55205718669083
100.64120883736629,101.5727186324226,17.322937712462952,38.54275531386913
99.63468891190026,102.04968737693846,17.608452102714004,38.45258055517792
99.5261911524591,101.61273721323396,17.825447621596307,38.45902018893009
99.10432875779145,102.1017456797968,17.797820118567913,38.35235554816806
98.61642838374395,102.94000586450193,17.904303852931132,38.41446920622146
96.86446956497839,102.14356623746764,17.919892112333518,38.263183771225684
96.53961425976395,101.9636400239693,17.699450855402837,37.75288433086281
95.5576512483731,100.81705152146122,17.08676416620137,37.46944862389579
95.77943222943182,100.44952125491633,16.643202204083938,37.360479764506096
93.90674086159986,99.97171919929866,16.215285082400584,37.48142390427198
94.1115708634366,100.58615489603889,15.8056250787271,37.91029727160659
93.0363657855736,100.11681698652652,15.472574381005156,38.0211528061487
93.23564466953451,100.10156144619401,15.074016613083328,38.05166388681372
91.31244407203337,100.8339735710096,14.836281241752939,38.220494263715615
91.366155841189,100.79425628420515,14.728857703441694,38.299928837324494
90.04880617712915,101.78879690664661,14.920917021707481,37.939274265677525
89.1923004960824,101.75409275718036,15.008982230156777,38.00868256461003
87.73887648945262,101.75724936529629,15.470691045991277,38.00236934837815
87.55161724984109,102.68113576197425,15.845209525214353,37.80098499184382
86.41051893932753,102.72141629115285,16.47351786814255,37.7204239334866
85.74841466609878,103.15122045890944,16.960836611198772,37.69770540137472
84.51868531351602,103.02487481775714,17.730024011838292,37.95039668367931
83.90419544501682,102.26049112462056,18.096722677743358,37.754601927765876
82.94626931296641,102.37487874467271,18.28093228125794,37.52582668766155
81.99951805648638,102.3377220580894,18.44306700288826,37.60014006082819
81.27511248579222,102.45128169470337,18.15270995120433,37.37302078760025
80.55374279752398,102.07071112431213,17.873000023092256,37.27293727605846
79.62066124262992,101.38620570444758,17.174463599600337,36.932148426934205
79.18881597454683,103.08577879012826,16.36265418630198,36.88400215450184
77.84912406805516,101.99239737889859,15.75078231356128,36.60232321266815
78.08696057814107,101.64087848171278,15.275109293389438,36.49741624048368
76.63481367428543,101.50049124973722,14.987375197676027,35.98018372857864
76.75005449638714,102.37032495925703,14.756893553472597,35.811383062372926
74.85580702421242,101.96321613184284,14.650871559260947,35.8466973294891
74.93380773182162,101.98725633066744,14.494870144042556,35.798616931839916
74.05127523431972,102.29628560352883,14.711823563846579,35.95461417371704
73.16234361974249,102.20152704037417,14.929352036264014,36.14413130002633
71.78360918637307,103.00904638380523,15.32651427095609,36.10263036786208
71.00290203357407,102.57617974929778,16.094714570055213,36.17514963037809
69.80133912178772,103.28241940355679,16.882202038620974,36.378308676867036
69.04508002216664,102.8067182284245,17.570140096525073,36.50513088579358
68.4576701882682,102.28556369895608,17.906533996182105,36.709014176590536
67.87842298005485,102.64350131006094,18.217779226812137,36.84038814017748
66.96175372628265,102.62841480997437,18.341980632131946,36.87056114035063
66.45928924367425,102.04342116838092,18.489748178578786,37.18338700476758
65.58086566526244,101.9199729576302,18.517999418333947,37.430283426269014
65.14469053255142,101.39059460269293,18.52195008812759,37.62064054051519
64.62145620050954,101.40049726716461,17.82591476169062,37.60083521157183
61.95212183730558,100.39625885030594,17.152551523715566,37.891588626894006
62.26269064805251,100.30074408434946,16.531413902221708,38.08261815880698
60.896856921302174,101.50448005219279,15.890455107312508,38.20461590942772
62.01059635739005,101.0759999400692,15.330125734696866,38.22800138389485
60.493112538580625,99.93035218626746,15.069337874274812,38.047480267967636
60.59729323431867,100.66817752429324,14.860976482798723,38.20519659521467
60.686306431405086,99.9136927324989,14.682950088625894,38.0837221766675
59.09999136910863,101.12500021330214,14.614439340301445,38.09196286974902
59.07247970574417,100.69675526454382,14.669462667030352,38.13927877271782
57.745994045330036,101.46499064378321,14.889911258328844,38.22448983392559
57.659041252858586,100.9874761306865,15.063816843271749,38.36350121640204
55.786026671850536,101.01268731349806,15.525327891365702,38.313078850778915
55.171238728429856,102.31444902025413,15.92625893477789,38.1954899675543
54.1369530833621,101.87227404962323,16.326673117590126,38.24576135515446
54.556762234356846,102.28738698207243,16.328954506088653,38.257435180744054
53.163493405135696,102.37753019821173,16.589165565515355,38.077148748465476
53.19503549376061,101.9634986860896,16.526081388265535,38.06111543863064
52.362786769036866,101.19247751746707,16.505076617219103,37.91765555538176
51.56339674463197,102.08667774906961,16.42325049007164,37.80986126813391
50.9875234879395,101.73552144381041,15.900400284739929,37.67487551929398
50.81225022985838,100.24153916171721,15.424846100592902,37.3584372822433
49.415006379566634,100.7095872818119,14.966960358341005,37.23543440276276
49.59112262799763,101.13444969376147,14.614727861479022,37.188877524420406
48.901922325623474,100.96124946181018,14.400718085550732,36.739072797984676
48.64086731872884,101.47234153981184,14.136919642758786,36.5027970985626
47.95801280799354,101.11405930094294,13.947053834678904,36.44157416152515
47.644406516378,101.14477314063211,13.800765019587056,36.38014648214681
46.58287000864828,101.16473976608486,13.613864250456363,36.3402132312413
46.233903219079195,100.8059987210664,13.545742591329523,36.29164008301323
44.92970845663246,102.00007277841841,13.861736508752614,36.19588757577958
45.345439332818394,101.50338283084288,13.798717724308384,36.420824503003
44.06147826757725,101.82255721590492,14.055026095764095,36.55301365255443
43.12003810218764,101.33365903537772,14.383827411224242,36.75377050594929
42.65167831556539,101.82697660408772,14.534729628202548,36.552952724795475
42.18699147133033,102.24614773332,14.678475274466898,36.50023850853671
41.35479900534429,103.0106574753086,14.767989843520045,36.54608938747842
41.24369415333807,102.6521143070828,14.99019954753249,36.47348404284287
40.82075451916288,103.43008992634805,15.043477425926145,36.50273558422582
40.381394504341216,102.66746865283812,15.128226882824194,36.44003698575507
39.94320522349476,102.69200478329468,15.210033755413598,36.39096472484198
39.554716414353244,103.06050071715552,15.191696011008833,36.44928821980807
38.09990187421434,102.70865996137414,14.917996988233561,36.35713770560754
37.79482776300599,102.37441428128008,14.738505831654063,36.235989686799485
37.17989063176889,102.78294133349159,14.398983472357935,36.20363389326164
36.86881297286551,102.84398371696615,14.242962248464064,36.081549126312524
36.150390561689626,101.669511203709,14.13254379000524,36.109599231610936
36.224691687996334,101.64829128522119,13.983941537391825,36.15203906858656
35.01548882888111,102.34120713096,14.092328226034041,36.30622006350109
34.961629599113095,102.66249213334862,14.200046685570072,36.43781428892899
33.42599186015618,102.99527859834254,14.159381468632356,36.55022653265406
33.43557397169928,102.18624837716365,14.140217245546172,36.610544154057266
32.60689489543103,103.22058600364156,14.238787260663653,36.88005110722994
32.20214748193963,102.44888712074022,14.263249599828766,36.85338389739724
31.74178127399481,103.28742235867824,14.39889381117122,36.7464898306156
31.31310483581257,102.85624723368394,14.470264264703737,36.822857657772246
30.05321303855881,103.91275657936845,14.624974916097319,37.07491190951718
30.427775104349283,103.12590362486782,14.670600494488916,37.05911839857333
30.006728442375255,103.55907011198039,14.717355490316763,36.98812375246838
29.227960400782948,102.80766819219741,14.684586827961713,36.900622846494684
28.512356943099398,102.63851914138496,14.529177954481906,36.445613053696164
28.601197070193656,103.07478378792743,14.351497700293397,36.357067964728394
27.532125959987702,103.26393672765576,14.151034647066878,35.978762085271725
26.967825772926957,103.80409941544684,13.738616599549998,35.66894592050876
25.852043702114987,103.14812488371894,13.694176006326439,35.46355849406625
26.268587349959496,103.95195512676794,13.61601037315091,35.365741332995235
24.320464322747185,103.36060035660068,13.751682807766446,35.04422142540611
24.365871946221745,104.22118713314126,13.660867560817326,34.82290124552496
23.99445510366425,103.23913315893556,13.658581688661151,34.55165052212285
24.022445266337296,103.33258295598131,13.602601363315062,34.36475092803137
23.21711798477663,103.76310042853609,13.738278054755932,34.241204918762016
22.089870105478617,104.11377651522682,13.77837184965257,34.27798673328036
21.6950609236042,104.42735814841382,13.828611321911218,34.39020235839654
21.24451319647273,104.72977875257078,13.987815819635415,34.52725210662134
20.380074913543908,104.69147386821078,14.223285807220496,34.60386187534136
19.484943957721025,105.07339298748022,14.509549408503299,34.592022791983965
18.69898585082955,105.54104288346237,14.567642172237687,34.41363472504394
19.770970211312765,105.2046257106257,14.689765207489168,34.33110515197796
18.201083101879163,106.00984333425475,14.804211710539075,34.23333376262852
17.45999072565579,105.28781239778831,14.7725172444205,34.16351641699606
17.08015453589423,105.0722168482057,14.776820280258015,33.839338172475706
16.71902730985897,106.22103193688235,14.748323610634955,33.793961360203134
15.148094608429638,104.49127297056503,14.891823798141656,33.505522773647826
14.37834633447897,104.89172360442265,14.935444449643432,33.45255945413236
13.72341454805246,103.78790943849117,14.749434670315367,33.41637775772372
14.226167410431206,104.9502887518975,14.488068309416668,33.32403722248745
13.196960049341534,104.22760744520411,14.331899281526782,33.29301066916143
13.733451858594142,104.49622196041193,13.993903660255885,33.4907696359801
12.344993141191184,104.17004058979202,13.843372759538422,33.41127029333908
11.99825375837164,103.89302599049243,13.808809343732603,33.237257310493355
11.71407921413644,104.43313147530317,13.652241417270993,33.606880370735894
11.377196818970504,103.89824338780916,13.598542995414647,33.949193333535696
10.696167415260154,105.09402275019238,13.497729194642101,34.48337982515578
10.358001446440989,104.68863833972752,13.436742495382848,34.556830009187905
9.207779693020516,106.14281428558562,13.525340567630291,34.5976053635964
9.483394225797525,105.04484349790425,13.713566326731893,34.575182464992245
8.673933646344478,106.48637213628791,13.847488528966352,34.662123101568184
7.785710895814864,105.34230291188172,14.131648648491844,34.71183347808001
7.387458367261903,105.36426087415546,14.176228531541074,34.66791755353251
6.999430244844439,105.77503635958132,14.200199073832161,34.59845228522463
5.866730292325851,105.13229743899863,14.2110673326039,34.38090902887971
5.909759095096301,106.25559370741524,14.125009727063,34.380013990727214
5.277685550942008,105.67999937623247,13.895110590327022,34.03715642804819
5.016817523011002,105.44793744905756,13.678857408096361,33.76329104430533
4.473822629886643,105.46482506282727,13.30446494782835,33.72951581676591
4.2821110764116765,104.78376327258067,12.964866503313642,33.64559629432982
3.6830418443781516,104.52109626315317,12.731540228921327,33.45519794395517
3.380312169849402,104.92221853696428,12.628189919681866,33.361763054629904
2.814739775809084,104.5475431363366,12.348112312158463,33.405502658083236
3.2571229884173345,105.3645945748813,12.16453834898083,33.17378470507157
2.3790833924382255,105.08687982532204,11.836935282645051,33.03465345142542
2.7835063049743027,104.77638654460773,11.714733186913787,32.968996283513135
1.8315743983916306,104.87346341407911,11.568127234204539,32.77484254457038
1.8988961004369465,105.49480172107056,11.433483830113907,32.88827820879928
0.9030554036557659,105.46621558114909,11.393481544493541,32.94545048864222
1.2817262925474502,105.72940751414849,11.313455086580655,33.09638194251388
0.9505681487630682,106.08289150775171,11.297762441737367,33.06742288771949
0.6482079041702589,105.38191673806627,11.225172904199251,33.11475237364292
0.6435845906635516,105.81174931688611,11.234419531212666,32.93174708067777
0.6626064585270086,105.8857969847312,11.196375795485752,32.7836517449876
-0.2551118790728184,105.83667333429409,11.017562177233359,32.88189904586181
-0.16254366177790214,106.2420845434113,10.832425742643526,32.74062736735432
0.3393151066768061,108.43796584868322,10.492860524943362,32.99793099127524
0.18623271441166267,107.02124859021183,10.13745251231112,33.1850743195679
0.37003466850262345,104.47194269594311,9.769848604129198,33.680029485287506
0.5284069726398668,99.19347560383082,9.453103995854711,33.71153103781917
0.5602967149219511,99.77998576358365,9.389324511290543,33.84324929690412
0.6039062138467415,100.7698619384145,9.302105513440962,33.82259329960318
0.30981100355180935,106.15695139114466,9.239190326167007,33.466104119963944
0.3452606377181313,106.13800737759941,9.168291057834363,33.50399214705445
0.7240449619580884,110.97807165147542,9.054827903175342,34.129551500436754
0.9012192934844014,102.91976095379854,9.35125703058394,33.9767281342599
1.1550575805676573,100.2779971805661,9.49778007785556,34.026658709219696
1.1023687494587397,107.24893799732763,9.603157740073396,34.55306866084036
0.7125096045997292,106.35030060473858,9.715830642786765,34.3492072850045
0.614312675414566,103.85987326484852,9.912224501157091,33.99983105984626
0.6945294777462783,101.05563089847178,9.751790896493667,34.28823573206189
1.0888516884716308,102.9944451543495,9.629236952427723,34.40715008461499
1.1022726781888101,106.46858787051575,9.602394972993364,34.77910420186773
1.2388769666455657,107.96236370763998,9.999403596743427,35.14263853093714
1.0066507430314617,105.90252953659541,10.463856043971635,35.165659881208015
4.801809473991994,103.91506761814577,11.174546084652343,34.29832934158958
1.5091496263628823,109.35005219424501,11.526698031468861,34.5095472977319
1.3751624325264737,109.33611384010301,11.794672419141678,34.5374240060159
1.338963127692943,111.99032183449944,11.86707102880874,34.8875875342129
2.103065619325047,108.55043725634604,12.479764937980043,34.631027049068
2.928929828078454,109.36648028075575,12.99136064046559,35.16226512024092
0.6431820071687628,105.40903377073585,13.135114720921894,35.69758887134226
0.832729322279123,110.86039506451277,12.756020090701174,37.5145480682936
0.8088586616903877,102.5654867337819,12.803761411878645,37.99140572969063
0.9157362701999006,108.40856032113285,12.590006194859619,39.47937314203217
0.37337314689295287,109.30537304144615,12.882548421617365,40.854483780830186
1.308999903369818,109.4137165224733,13.46255844483916,42.271972509559596
1.3750890074716864,100.2439800996303,14.178268402681702,41.957905702227414
1.9321780189771784,96.7472326112881,14.777181768514057,42.09903512353848
2.15518561053309,102.19745521494507,15.20063523248319,42.501682328276985
-0.23026199900176536,90.9514176916054,14.674103702008328,43.80405037677802
-0.0823795359307784,97.39934491487445,14.378338775866354,44.2866108549155
1.3231995154476222,98.42631160144182,14.247195422363697,44.91269223103491
1.8252159007969855,107.75963916934724,14.142980302336241,46.941843060663324
2.013757489724153,102.71187665804891,14.692547254089465,46.84421665757681
1.8555532394684375,99.5763122326068,15.008955754600896,46.56733178071708
1.8046069882012796,95.89184962441361,15.110848257135212,46.43764679026983
1.7275098493282055,98.38031679404688,15.26504253488136,46.14748852428039
1.6844095380955153,98.40780130498345,15.35124315734674,46.09251950240723
1.1708749746205358,99.86005608698338,15.441459329200578,45.998568803695754
2.118051579513785,95.58484902457494,15.421437548423297,46.114491497971166
1.1789912922933308,97.91917324962878,15.422658423484116,46.1380922963137
1.1913029383345366,97.91195299982692,15.398035131401704,46.152532795917416
1.1709576946542857,99.8317823333791,15.438725618762206,46.06712695817301
1.6463814258019287,95.605555381046,15.425969921423906,46.076754978226354
3.0381985465941543,98.4310297806843,15.456322411887061,46.05377964304497
33.10324933453664,98.97317061258468,16.31074594057886,44.031274516096886
35.28613377911712,99.06946790781271,16.56927897816038,41.98895915494385
33.907567041732776,101.17240533045688,16.625831897335466,40.483664865249125
33.975126056920416,100.93815179195826,16.490713866960185,39.19312441704561
33.030693210435594,101.47816327438863,16.66258475472314,38.11310145218488
33.03515082607489,101.47878523886808,16.653669523444545,37.26594564834428
31.791725899472958,103.09582535673107,16.640102112612126,36.53228267665459
31.40091287793011,102.99367789727722,16.599147432751153,35.913996872615634
30.668359566890576,103.97318779528989,16.438506582759636,35.58072454866087
32.021296206836666,104.20960797871857,16.14827808312793,35.10788418180353
30.587491370472616,103.88755993398122,15.842855188542307,34.95872212944977
29.879857220292084,103.96231153286726,15.686647897137709,34.809218931677705
29.781399713143294,103.02456188175945,15.102737715173962,34.34224264510931
29.537427496386442,102.74191229120096,14.826899951218255,34.14375962875689
29.76608956373933,103.20835787911729,14.369575816512475,33.966911785627076
29.214367569905566,103.01613268467972,13.982220231034297,33.60596238792935
28.217122154949408,102.55293409586037,13.776757798362906,33.06572405717891
27.229792321381193,102.64421915362163,13.585801534903206,32.88315394165639
26.592913816310947,103.46527384450071,13.427866945877978,32.672736159063966
25.89739187409075,103.59581289602102,13.398904845526697,32.41165805602336
24.805956991156748,103.64658442759661,13.464608396406572,32.310114992872165
24.303952778304744,103.63975082707145,13.763193419739729,32.3237821939225
23.45607767605565,104.65729247769478,14.037118593927357,32.42143643814166
23.316736688216853,103.9585826424677,14.315800569604951,32.38452195915667
22.061635331643885,103.9313343456287,14.661367521655839,32.43901855283467
22.3931441326741,104.28647868858026,14.726759816695377,32.45713976403152
21.169680746429925,104.30925247342464,14.98422541376424,32.41159219434278
20.731779941663937,103.97954051991796,15.12635882978522,32.337347907845135
20.4123903529936,105.0570501931006,15.030066028967816,32.38754449595407
20.07730879515666,105.07238293064643,14.96610914244826,32.35687902086242
19.072148320688953,105.07381037987072,14.778764258743614,32.354024122413826
19.887438885269926,105.09094819603905,14.606650591204534,32.31974849007717
18.203883173537275,104.4037065731724,14.345174568261271,32.242796757247056
18.3111003249994,104.35356298029919,14.130740265337021,32.343083942993474
17.716740036634583,103.84913244874923,13.884092269265054,31.916576433291805
16.75918200211525,104.63229824129863,13.677738784290712,31.764557884201672
15.789718040290309,104.20551464401609,13.512729014510352,31.916812514289994
15.898723165146537,104.19193368909758,13.294718764797896,31.943974424127013
14.87503695686179,103.46040518851636,13.250724370088445,32.01278688443683
14.936694277774606,103.44426191759891,13.127409728262814,32.04507342627171
13.884779867878468,104.48259740435833,13.144416177839142,32.055224822968825
13.488172089146408,104.13372697885396,13.241575356723008,32.056909295397325
12.36744389298642,104.46391057987701,13.389607318107355,32.094350236996426
12.37874455051644,103.71389380216706,13.367006003047317,32.19242912639852
11.59232970719099,105.09154386139002,13.535851918855844,32.24509654963733
11.594926688815683,104.68732958395806,13.53065795560646,32.347776711236094
10.772936681864437,105.0589836232509,13.760359602263959,32.311607816272925
10.314097399057037,105.02071207395679,13.967351825670228,32.38815091486115
9.498966010892305,106.1391409501032,14.166708154971655,32.29765283311036
8.73936361269039,105.76689561289004,14.25059272885988,32.32448339627889
8.09212124678534,105.72285161544588,14.10602398488562,32.41257139116722
8.495853157637601,105.6984442913921,14.016814965640817,32.46138603927477
6.916503485868447,104.98260721993333,13.588580247253452,32.45828655742204
7.443934772896626,105.03151920873898,13.243480157881942,32.360462579810715
