299.5,93.5,19.0,50.0
298.9616034074384,93.31905555964775,18.017950306176296,50.42073175965138
299.27532611181357,93.93148997669502,17.390504897425988,50.24300259727065
297.8293582073403,92.9989641542072,17.18282854489726,50.041646134596085
297.9127813901925,93.45034744319648,17.015982179192818,50.16542952092074
295.78773897690303,93.18029148406842,17.164984193738544,49.68027073616853
295.373236942454,93.3086525204725,16.972916073038505,49.42354866336036
293.8387726703979,93.39772399768282,17.000106452516548,49.24540570893972
293.85596451072485,93.3186587582912,16.96572277186256,49.403536187722935
292.7520993737946,94.35931611080437,17.146460393382732,49.34921413503705
291.68552077331356,93.04828540886045,17.247591686793264,48.923236677597494
289.8349002958811,94.3007601330882,17.91351744248817,48.44183069525528
289.4981144816173,94.92009054625761,18.587089071015797,48.220112064956396
287.5655282706673,95.46336310562158,19.374616723479722,48.159448536040514
286.53571502240965,94.96910729667633,20.39514658036597,48.10886351430198
285.22336567227535,96.11967739491355,20.90684042804287,47.92072817041921
284.40909237480975,96.18653168388181,21.472564444901845,47.78701959248269
283.22287746331733,96.24021697179099,21.70331354974798,47.679649016664335
282.59912998238764,96.31424641339247,21.8774784382176,47.53159013346138
281.55526596826996,96.40449962627153,21.816748883324237,47.35108370770324
280.9610201631487,95.91688533015707,21.934699956962284,47.25577176332778
280.11596766885026,96.63478006831481,21.482370552185436,46.891199483699154
279.77556780055534,96.20721548864348,21.105171760425442,46.68833011469203
277.9964383164323,96.13251332904818,20.469680847132793,46.83773443388263
278.23987674307597,95.54245323692476,19.982803993845383,46.97842851735788
276.364417959907,95.4787252697316,19.60227564757616,47.10588445174422
276.1686992550094,94.95372948071892,18.965755370851014,47.127918343249426
274.78339113129357,95.50670584427107,18.68552341118117,47.038915018512355
274.58000147329096,95.05755506098401,18.08163692068454,46.92655077858461
272.666140127724,95.02121690400158,17.916405458169788,46.99922709254949
272.23861490937907,94.50220736799884,17.775140938597566,47.04093120829283
270.5735208095306,95.59028825424383,18.122209069709417,46.853516148192924
269.9341442610154,95.06671868327805,18.40304470399949,46.902737827384044
268.0814786608088,96.11622266398952,19.097408128061726,46.81104171686178
267.13139755369076,96.2198260934714,19.982840658147445,46.603834857898036
265.7655290595278,95.71874368513693,20.65968798028916,46.57855484147488
265.361986546471,96.18249918695506,21.46677300640286,46.69006004852672
264.0904794388941,96.18614045172494,21.900185638817714,46.68277751898696
262.77877536048857,96.78842384724055,22.399049840131294,46.54048270570446
261.4954844610277,97.40054697641617,22.827849976431963,46.38512727866377
261.3758127497843,97.3898038501674,23.067193398918658,46.406613531161284
258.20685126190074,96.31989663534456,22.93393237144157,46.38936662639219
258.3815389527551,96.78305641633622,22.584556989732803,46.53901688893116
256.3035929164025,95.59285444498629,21.37997642226952,46.775231775563704
256.30258609953864,95.57704584364043,20.327471169169268,46.8068489782554
255.1684061312392,95.45889512519898,19.486420342613844,47.04315041513831
254.38331785212023,94.87148911823867,19.006607114653416,47.19296753595978
252.8294029614642,95.44442413660371,19.058592611813758,47.065712260613594
252.3920620941718,95.40662131769942,18.915565927831096,47.141317898422194
250.92872264799482,95.38050278126079,18.793503700173996,47.19355497129945
250.52967179186794,95.44572912323136,18.576785451367407,47.0631022873583
248.24711194977277,95.53269596241975,19.105624853909056,46.889168608981535
247.5924166544923,96.62749914654225,19.399013347414105,46.73156643484824
245.12451485269705,96.58137689772644,20.259033403252143,46.82381093247986
244.56067618243503,96.67224419499263,21.38671074377619,46.642076337947486
243.0608761905707,96.58367325109784,22.28090846085074,46.819218225737075
242.21322272343087,97.12205482255465,22.905315054479935,46.81335542347388
240.82001928216647,95.98793498243978,23.52837697620205,46.91825014289691
240.06415924052135,96.46603780696697,23.946095498748655,47.05604605458617
238.84294887102857,97.16194168693048,24.182040746063628,46.76747604049444
239.41160333232625,95.9630565355586,24.14780341303521,46.959103164104384
238.3729482495716,96.59887007832322,24.0145244577931,46.79277063895081
237.88062406105922,96.65317934076428,23.898616280543024,46.684152114068695
236.18480478531583,95.50170921177184,22.902396765125715,46.79316333860156
235.6109081324819,94.91560833367699,21.88753659898752,46.88403835888824
234.66390199452636,94.32826624569462,20.586603194148076,46.993740641269426
236.2638675635415,94.27973507617413,19.474167017064765,47.09080298031041
234.00597335438553,93.32815171632004,18.8626314542365,46.94304010756251
234.3617420533575,93.29961848876172,18.151094056292578,47.000106562679136
232.53183816640984,94.02165259687911,17.808738580339686,46.556579158906445
232.6867492997723,93.2247407139914,17.49891631361484,46.1743457199304
231.2875617708021,94.15063854383267,17.366361936478118,46.27650301696587
231.34403544437183,94.14315578958573,17.253414589338703,46.29146852545974
229.7369666235075,94.59721926746089,17.544845276477837,46.357577221239296
228.13180577707584,94.50258736823899,17.81387537776909,46.54684101968308
225.70427357558754,95.05306915245586,18.71701541532107,46.43385854260548
224.83533806230483,95.14839438255683,19.452368620929246,46.243208082403555
223.3907270089986,95.76507004185132,20.31590862929238,46.02269781293923
223.09715335468024,95.19363153410315,20.903055937929093,46.14066940011597
221.97350302200903,95.25838796566808,21.07648331611144,46.011156536986114
221.87840855932282,95.23247153706606,21.266672241483846,46.06298939419014
220.84086363861,95.13767978340994,21.257405794514156,46.25257290150239
220.27972720703252,94.9702584461083,21.334905344907035,46.58741557610565
219.32943806978574,95.44127077887713,21.13348551213299,46.69638996420182
219.38447739358216,94.94665384283388,21.02340686454014,46.636572469777846
218.59159990655013,94.45608733054667,20.51666044466431,46.571454797382295
217.82562432388525,94.4210063685955,19.97582076057701,46.64161672128465
216.21675738648128,94.40812330099905,19.08208563965163,46.667382856477516
216.63938483598298,93.39222413991897,18.23683074064823,46.674409189579066
214.78076481832287,93.9109069009184,17.964477964727166,46.63444187039052
215.4689263522023,93.9320374297866,17.580096979196217,46.59218081265413
213.50300256054538,94.57115940285877,17.574228224412412,46.29836595103423
213.0507352228191,94.17629804114179,17.498653284124437,46.10797905872761
211.50366345920085,94.75279696365575,17.664737458908583,45.931000997850454
210.50053619063024,95.31373070137428,17.718065273460656,45.785596883707974
208.87414376927208,95.37154100472763,18.044854137021744,45.669976277001275
208.11249435531673,95.92609536898067,18.588631384656516,45.54038912877111
206.2896633971236,96.41051739064415,19.272223470019583,45.558901695785224
205.4226528366772,95.88838702434927,20.006483018836843,45.603400856299444
204.6669614630617,95.38151679741945,20.504488038317895,45.60376358240913
203.36745991089134,95.92363328636384,21.059203143825407,45.54167460393697
202.26209025404964,95.93474956264072,21.208013521982934,45.519442051383216
202.10219530701625,96.02100767268797,21.527803416049714,45.34692583128871
201.03364308045047,95.60365621257027,21.592287011148805,45.145318322507876
200.59508963158623,95.58629988397709,21.434900260643843,45.18003097969424
199.29131717626055,94.75349243171358,20.94567090388772,44.78112970594962
199.0236785766139,94.83715235593546,20.463037928717746,44.613809857505856
197.94223293015628,95.46870807147968,19.604825014698473,44.357733162062246
197.83299772326956,94.94640737171221,18.835047510654128,44.41408664377945
196.17793464007516,93.99475922896181,18.243279919573233,44.36643605054543
196.5165306140321,93.44054320109852,17.566087971659357,44.51058285576673
194.81992140491434,94.02627926335785,17.142164630786027,44.293396171025314
194.9877246048165,93.99056343298385,16.806558230981683,44.364827831773304
193.65527334403075,94.8122775110278,16.655746839668225,44.59854228427536
193.26940062320273,94.71214821549196,16.48828517759386,44.79880087534703
190.2655906806713,95.53817555869347,16.86157539023408,45.024856079751615
190.07242911948697,94.59710949412383,17.24789851260271,45.00893870794748
188.34786703286701,96.00409929792981,17.829790718639323,45.062191067538755
188.09761794787772,95.1165855420359,18.330288888617943,44.90334993286378
186.9038599092654,95.97091378743087,18.77065497711697,45.141843430799454
186.7517618697356,95.36850102146744,19.0748510561766,45.36182535375822
185.50670097855024,96.4067577081354,19.57813936911812,45.27214544985147
184.3292483839699,96.03342347384277,19.930996142593926,45.017789710594315
182.78752002842205,96.12013133130003,20.00377387017202,44.84437399567979
182.3115554237229,96.61774966292363,19.95337849170035,44.851461920302626
181.0185892834126,95.66350212344756,19.534687129224952,44.75687457052412
180.8297430641589,95.03847530239258,18.919583241143922,45.01413188604558
179.80010329833993,94.45748361549633,18.02193775533538,45.190473587355925
179.6955217209483,94.3623018072508,17.258887718268724,45.380837203846994
177.9756283092567,94.36862700497687,16.853561629381744,45.36818680839487
178.69874101007508,94.81059178272776,16.361136009423475,45.438057034571635
176.7520245729952,95.37034274808389,16.470962985905416,45.26445657827884
176.3292539613235,94.37286238138614,16.371098093456432,45.36860508008956
174.9210761540513,95.71273765955063,16.352187203114582,45.52412102864691
173.9184365356842,95.24036961976662,16.46352693529521,45.52188735593814
172.3362158760215,95.66986794018135,16.78110697428589,45.61184447522026
171.60791334904195,96.77344473765288,17.28173030440009,45.316654327967015
170.43300992641124,96.26600351059749,17.710001473752758,45.370768944123455
170.72018665831752,96.85957573012676,18.10487558445623,45.152852079580946
169.60289923141048,96.87672451650386,18.393146173133683,45.11855450682677
168.96947877472692,96.87153446734705,18.68219102964561,45.128934605140394
167.96532040305073,97.99611140151359,18.724335372758752,44.84595313704653
167.96009240518745,97.60991879533128,18.734791368485265,44.63858841230691
166.65129362043177,97.23638499635123,18.421566365535522,44.40871515278
166.26924483773345,97.80629436209641,18.217600360327985,44.236959991893826
164.61109939104233,97.53156688729376,17.686046568634993,43.82445377023033
164.86771712309383,97.00275760007696,17.17281110453203,43.935520333901884
164.10733198457302,96.63813420246112,16.815621522265385,43.72578719947944
162.85721099279962,96.23903900874518,16.527171858872403,43.59441370459804
161.52276996977693,96.32819872056683,16.42856350081177,43.41609428095475
162.02462054290902,95.99051313377944,16.343028147576934,43.17329966150017
160.7531090381477,96.9347033405223,16.146615707087182,43.111209548022735
160.78434954375334,96.85514050180792,16.084134695875903,43.27033522545151
159.31943425099027,98.15234594609858,16.28434364471017,43.40554597356203
159.26063703729378,97.1237459996951,16.4019380721032,43.63190786739507
156.65584245639457,98.50598446874267,17.00762123703857,43.62977452741775
155.96961491317953,97.6003459244508,17.448448946905362,43.57779686287493
154.1230838389762,98.430188464322,18.325225288712872,43.79563565419864
153.7013265753127,98.42191302534924,19.168739816039917,43.81218653214415
152.55355765544346,98.4249748405341,19.518959787678433,43.806062901774425
151.88247082095913,98.43913146150847,19.88239708044991,43.7777496598257
150.92764264328213,99.45990144225175,19.822638260441348,43.7056248737017
150.40041481744035,99.01279786479614,19.894482245313103,43.61722036180116
150.55867032413195,98.1142509818202,19.57797123192992,43.4491404301891
150.155089482892,99.22175170755672,19.410539851331475,43.18332510487267
148.8426940437421,98.34308860651038,19.131949294215975,43.005063683355175
148.59648376777383,97.75039290817344,18.664059200343733,43.23014443422026
147.85357672892567,98.16548272809912,18.23922248463502,43.35529019107139
148.50019827880558,98.0281549298056,17.895597407223484,43.62994578765845
147.2189769166075,97.96417093406524,17.615598767110733,43.757913779139166
146.39193326639196,97.98458726220079,17.38101108363525,43.71708112286804
145.44746857535108,97.12425886261876,17.390815629678485,43.558613085993585
145.55018462784605,97.12948682969055,17.185383524688543,43.54815715185
144.10004232924632,97.99994247228571,17.2847610279577,43.67451726261321
143.68765697371893,97.39826061704485,17.172301724826045,43.94065095890848
142.7800706750057,97.84149299819681,17.109385225553982,43.99323074495384
142.81561409182677,97.35469039831565,17.03829839191186,44.02816285403294
141.37732835189846,97.88577535387361,17.101167914805263,43.90389359523808
141.212562941853,97.94917246448375,17.430698734896165,43.77709937401782
139.84859936136917,98.03710449048374,17.33468494992469,43.60123532201783
139.7728931281821,98.61141310545459,17.48609741629886,43.38968597373515
138.81671775437403,98.2555059964017,17.524998364290244,43.164775292028565
138.3454995252172,98.80914419895431,17.533256724614944,42.99167698491229
137.38598954007279,98.85735318727683,17.588615814274274,42.89525900826726
136.83222462418703,98.44618783745716,17.764720130235318,42.786164192096166
136.39639573956774,98.96685495367616,17.70339621976265,42.677811639369516
136.4831271567667,98.55874869618232,17.529933385364707,42.56369529435861
136.18124085208967,97.68980166382455,17.20810589508621,42.45038915980902
136.2986096425477,98.67307116419194,16.973368314170163,42.32032798874809
135.04898747772236,97.81153855109122,16.736071996572832,42.2190327834509
134.73450321240406,97.71952781163503,16.458555728899412,42.403054262363256
134.82434835058254,97.36396166559018,16.278865452542455,42.21002324774649
134.48043683351892,97.46950928804657,16.068519854399256,41.99892800283371
133.67426141030526,96.66298821675619,15.898145684366789,41.82924512895464
132.94018554767993,96.6434052099235,15.594564450273987,41.868411142620026
132.94459004417797,97.46134941548175,15.58575545727792,41.9944494323869
132.0393365646248,97.97766612916483,15.631042190450136,41.84442611798781
131.60987558724543,97.88070724590052,15.608687068522544,42.038343884516415
132.07717891661815,97.46818238619429,15.557732822589642,41.97974119111633
130.7053693889089,98.31643962871492,15.65566981209917,42.0470147500144
130.25453122860347,98.20311458261227,15.672722412989389,42.273664842219695
129.23200980354096,98.95900346804547,15.941409295919318,42.5382430385484
128.69028290963925,98.51924513841635,16.12805149463641,42.520948108720305
127.68896513165842,98.42290757319745,16.330842358913927,42.713623239158125
127.98833735575289,98.82228476266813,16.63842908894013,42.821200038431925
126.9880335229022,99.25296472311004,16.81224796234718,42.87323451369528
126.45344115391231,99.26687975729064,16.964177380126777,42.84540444533407
125.98147004164552,99.30247768923022,16.98854693873735,42.774208581454914
125.99002389625834,99.33719013868574,16.97143922951172,42.70478368254388
125.48142545241443,99.88950021824832,17.07095678032139,42.51784286029691
124.55173028904936,99.04948773935814,17.09681656430948,42.36433727533523
124.59061962070362,98.96857463348172,17.019037901000953,42.52616348708807
124.19799961287912,99.47454027888166,16.888319329278577,42.43019078365959
123.29173088019469,99.1239014425829,16.8763703492522,42.2192252335595
123.86591193385732,99.03445473658819,16.63700180065944,42.39811864554892
122.54686125533728,98.65006676520761,16.55323779658007,42.25960613460359
123.51686183673752,99.49543855891544,16.420832504723354,42.376458418131705
122.25983802116443,99.0919949929227,16.22556506565706,42.280240526713044
122.80646529767345,99.11206087487446,16.030530762909883,42.24010876280952
122.01936529447929,98.6518637610145,15.816449897507644,42.26636255463416
122.53101147251932,99.94925994966124,15.683821657362857,42.34356252514653
121.2677649202683,99.110952857857,15.542176817501131,42.24141807917917
121.29473182758743,99.05541621666373,15.488243002862902,42.352491361565725
120.83864771358549,98.9382477861018,15.514435237577516,42.586828222689576
120.85909469874485,98.40518417092187,15.473541267258767,42.76315290352211
120.44987689742983,98.7999170992399,15.400391830907568,42.86527208586725
120.48072664309588,98.78027663269503,15.33869233957548,42.90455301895699
119.64416262172173,98.23965731268223,15.229492027938704,43.094627481790056
120.09597988104424,99.08506038277902,15.217756066473685,43.18761845595648
120.10324229256109,98.08404832712436,15.203231243439994,43.403615978274196
119.65923684826907,98.15293898682783,15.195409284938261,43.26583465886725
119.72520756546585,98.50023795759151,15.063467850544702,43.46496072387706
119.74724608017941,97.97896901608873,15.019390821117593,43.61333267956849
119.82711582474434,97.07577720602339,14.859651331987731,43.62875785257588
119.45951947735139,97.98993966205828,14.702057212369205,43.58600656931495
119.98927899395062,98.0936175410949,14.531838838632268,43.3786508112417
120.03515056104854,97.58700578522635,14.440095704436423,43.50863713927107
119.24224647507644,98.02334399578982,14.259086859458488,43.519369226605214
119.24533039368356,97.5877825840923,14.252919022244253,43.51024766864554
118.80149965000777,97.23852052262583,14.260578930527544,43.32877021251019
119.22129011309185,97.29687854842018,14.298559542649162,43.21205416092151
118.34586680430816,98.20305485415699,14.296211502451007,43.15289620721346
118.81734365722937,97.44869307950248,14.228970544213755,42.91019426131211
118.3840865414208,97.74491202398985,14.22445618449872,43.18878496366952
118.39509530453338,97.28687817008948,14.202438658273568,43.229943973367625
118.41200793693264,98.93049122107595,14.168613393475066,43.443079594611575
118.40643206126325,98.08380408443453,14.179765144813828,43.381453620727484
118.43085642061064,98.08093448762354,14.130916426119045,43.387192814349476
118.45041858839524,98.43196115032765,14.091792090549859,43.56115344417647
118.46374151222342,98.03203853579623,14.065146242893496,43.48323112606691
118.50237977836639,98.84733795494543,13.98786971060757,43.60497422677197
118.10547047341247,98.0161692653722,13.905208506297258,43.51435197748219
118.5147873008392,97.61212148663022,13.960247279137551,43.448775107272404
118.50699742416565,98.53103277555965,13.97582703248466,43.358459731199716
118.48580670866937,98.48968252945838,14.018208463477215,43.44116022340226
117.64036971152989,98.55852551661883,13.95966071441862,43.30347424908134
117.62821191841807,98.59394855181216,13.983976300642233,43.23262817869468
117.62242635147167,98.60923351824933,13.995547434535043,43.202058245820346
117.65068817177581,98.21123260544348,13.939023793926756,43.1271624588209
117.69286803654337,97.73845569559089,13.854664064391642,43.20392109406609
117.66985590195824,98.21966368753917,13.900688333561904,43.109839831191934
117.68086975607568,97.7512816731467,13.878660625327033,43.17875919349764
117.6863741679829,99.03329671533695,13.867651801512583,43.219985075177824
117.72965963401434,97.76216913973045,13.781080869449717,43.15583512098842
118.1943664174616,98.18737760283796,13.717965549783534,43.171716442001745
117.33365622991963,99.50567683601011,13.708662201370096,43.13120356090355
117.76408225786511,97.8791695909485,13.712425673401965,42.925755939335446
118.18211820845782,97.8899785001392,13.738122108204731,42.90413812095403
117.35847918995728,98.74528972290723,13.661531817105605,42.91738400351815
117.78436957087347,97.49503862560809,13.670463818091255,42.83574790966232
117.76811757303662,97.79917566708663,13.702967813764962,43.087192100268176
118.21357428652998,98.23615334622187,13.675940369039921,43.07712272425938
117.36067834101267,99.55439476298154,13.65524150460394,43.03037602394591
117.78753781843912,98.20373875932171,13.66372326201088,43.14508589448603
118.2092573210755,98.63422095388741,13.684269132036066,43.14810638065259
117.36030776132033,98.21833662063565,13.6533558436183,43.11546884319205
117.78463629557068,97.79563302412184,13.668072366123782,43.09750244521348
118.20890342617385,97.38436169366669,13.682927812312247,43.056655398728985
116.94608132861657,98.71697948655694,13.619321345962085,42.98067047441323
117.80881413561713,97.9147162337191,13.615523092903732,42.86352961914612
117.38194824211911,98.67118075885911,13.610153655820298,43.06880301702508
117.78449635753866,97.86560821099195,13.666972829497384,42.956117303727034
118.16844603895264,97.86085385695733,13.760436208066944,42.965626011796274
117.31134989471958,98.72438047918355,13.748193025568117,42.96500823830877
117.74605244946335,98.25632732089248,13.741771654301132,43.038130816670396
118.18706219314839,98.69931627962468,13.723655955690505,43.01605668796546
117.3006540895882,98.67279875533808,13.769958132466709,43.06909173653865
117.7250587231582,98.18147790822827,13.786010880933024,43.186871415151984
118.1418668370516,98.5749722009656,13.819224253600819,43.26671243013192
118.16066765525319,98.56703988723056,13.781622617197614,43.282577057602
118.1941723342907,98.1448995596199,13.714613259122618,43.258750236076345
117.78171247783402,99.06349313291362,13.67299760829251,43.15463381697578
118.25815082400297,98.16474321194713,13.584412135280488,43.22355122025703
117.85723017575071,98.62292554248539,13.522617104149395,43.17082288681612
118.28538187920692,97.64778230645422,13.52806234322813,43.39761206689617
117.87822501967065,98.62654545677248,13.477310889275998,43.17021611230901
118.2965514148991,97.4106214556534,13.50156211324421,43.019352071271825
118.32636909481401,98.23281552476166,13.441926753414366,43.093387732686395
117.91434006413375,98.14751249745024,13.406823321113372,43.26399378730922
118.39170974424096,98.14190369664696,13.313015873634676,43.275211388915785
118.39645736641302,97.65390806535464,13.303520629290553,43.39184566379801
117.55560999375852,98.20427979118979,13.26354776449748,43.15193601717874
118.43319760423172,97.75789678318463,13.221763544074399,43.188006532927375
118.44577129603076,98.16355231793189,13.196616160476347,43.233128991560875
118.40265495276921,97.63860872547446,13.282848846999428,43.42640893895798
117.54749825189965,97.73629302282019,13.27128041663888,43.23104034426648
118.39725148967914,99.00539334300075,13.287692474347061,43.266717503806106
118.3802515797456,97.67313180329909,13.32169229421412,43.354935681614755
117.51498360082714,98.11609202940167,13.330934195978049,43.32966225744609
118.39014264471797,97.56822563917069,13.301535819893482,43.56493518205952
117.51034202839593,97.64688402965916,13.334639287391376,43.40761840108259
117.8964117998296,97.14171126962219,13.424132645817693,43.55633101986286
118.28192602442218,97.56759333274346,13.518499135222882,43.56996183221067
117.40127350442364,97.98131859927653,13.54514016365836,43.609843304925334
118.24876064723719,97.55368094350872,13.586944738456577,43.596729186248325
118.26074191728044,98.00287414223985,13.562982198370067,43.56731822106819
118.31842635027775,97.54233967268772,13.447613332375461,43.62027113098482
117.89378350983066,98.03670313868014,13.430163909797486,43.49827930247213
118.31248709159502,97.629952966904,13.457440523602115,43.44709586869102
117.88237390054786,98.17248121665232,13.453204481380883,43.22650179350996
118.29618296037441,98.10721358807751,13.48684342482611,43.35703705065954
117.40578736113079,98.06254212814471,13.540176883779608,43.44637997052515
117.81462450188685,97.98184419510187,13.588482890205206,43.60777583661084
117.82890324215047,98.05144720091822,13.559925409677964,43.46856982497814
118.26127084573824,97.705619965259,13.561849677829946,43.29356482096907
117.85834309441594,98.56589243874419,13.503491946382908,43.301446342181876
118.25243348585451,97.65485320260035,13.578559227804583,43.397028685871945
117.38939251997915,98.13020450039883,13.572663423354815,43.31231495837524
117.80619481747955,97.60817239344868,13.603737484866087,43.49170051576348
117.38491804988541,98.46160544700153,13.578494968286716,43.52042651219303
118.23829390717904,98.0000105832074,13.607218343031427,43.57587869511529
117.81011541204045,97.46065900614315,13.594521326557624,43.78552784249281
117.35271372296542,98.8889663887088,13.63753270864305,43.544289065555375
118.19381993802136,97.67278849415455,13.693651089474976,43.369148638248156
117.76174775265878,98.64719289608948,13.690079735880474,43.155771283017636
118.19476349923254,97.72998318371128,13.688670249996353,43.26094669324719
117.74383344414211,98.57283200073226,13.724441745274353,43.30742628901089
118.17817691376128,97.67556639146852,13.723162002972778,43.36714311366491
117.77985664066874,99.0387194292348,13.651571492264695,43.24553020881174
118.16550122365341,98.58226356196998,13.745468568609805,43.293255701026965
117.3127826466893,97.72894721933477,13.715718997177774,43.26470166093716
117.75889722117347,98.08885157859453,13.690130040392418,43.411533134600596
117.3240082642783,98.50327172454085,13.691655767044937,43.45094502984574
118.17578170076798,98.95459400616917,13.725787821980735,43.41713993054668
117.79288139761695,98.22765071014588,13.622599536668156,43.13304873936402
118.20593913297186,99.10230145429904,13.659540411375726,43.10985994189249
117.32691266635604,98.71809169076556,13.690777496216967,43.01487154476423
117.67403937601799,97.86561204886661,13.859159069698286,42.99456084295174
118.09009023274412,98.37364616538784,13.892501249612108,42.84393650327536
117.13709638510385,99.21035233935439,14.070655873341705,42.8983572268932
118.01364290950872,98.3611898440682,14.05348151911749,42.86076352288002
117.05785739328718,99.22487655100781,14.2308327562897,42.86760990427168
117.46385993609185,97.93014485641805,14.289284481389949,42.84570286132244
117.37980678598285,99.28108338348402,14.457390781607963,42.75747036471967
117.27512971718187,98.4190842644234,14.666744919209933,42.73540552446016
117.66107294131935,99.78736058736713,14.771395155771781,42.62846293308316
117.16997899527024,98.4414286741119,14.87666516588298,42.68957311363257
117.92244546116622,99.33327811912524,15.131142550064968,42.66528453957986
118.24130236145918,98.56383088172761,15.37741034346407,42.43621582640509
118.12702736533056,99.52591180180092,15.60596033572131,42.28239348350567
117.97440014687513,98.70583344857191,15.911214772632182,42.14835331413935
119.1209191533814,100.48845508564284,16.290212107642663,42.14582383736152
118.6117348117973,99.5393598032045,16.41113059180795,42.24911400423241
118.43849269527098,100.00831703624783,16.757614824860596,42.21230128790021
118.81596677877349,100.47587207869498,16.909439588718868,42.183964133869175
118.68283755713257,100.37285197371182,17.175698032000685,42.390004343835514
118.5846480108977,100.83123819737794,17.372077124470454,42.39002334663951
118.95870455331276,100.31099608151837,17.544252139355763,42.51021947864322
118.86384834216825,100.37072963926559,17.733964561644775,42.39075236314876
119.26697283518709,100.39379503297621,17.854443046521784,42.344621575727516
119.74325654740244,100.37984749852669,17.83007282383943,42.37251664462658
119.67552260335746,99.93085835930168,17.96554071192938,42.34232661501315
119.62786423376437,100.71139412893922,18.06085745111556,42.641518767915784
121.33609992037664,100.23128363537202,18.388962663762037,42.665595608582414
120.85153150216746,100.76834587288282,18.415803779673304,42.533766854067956
121.74271701828721,100.33014928226612,18.515156095189983,42.46929836142326
121.26795063027939,99.88099951104762,18.523007486801365,42.425916519455996
121.75696604121156,101.04126922348584,18.486168155365057,42.928951565863564
121.27411684022675,99.98460740235751,18.504042461576024,43.146627016602984
121.71699571038769,98.95067855318251,18.569574124761644,43.31190590793811
122.20199455260033,99.3745110235915,18.554415293841778,43.419079820625505
123.15318750871145,99.24367727484717,18.564271341948945,43.68074731811416
122.62408485625802,98.71364254263864,18.662397676590025,43.78073781226548
123.09887881786082,99.60764806540507,18.676070951155907,43.91924916227558
123.06504078293528,98.7341547716424,18.743747021006975,43.73522407467903
123.23758381216304,98.64833569308462,18.398660962551475,43.90686223179458
123.75606999617554,98.23928239981436,18.322100488917506,43.76455692394407
123.92546356469707,98.62350863362948,17.983313351874443,43.9531033227008
124.50508802148632,97.67204025364789,17.77776504532121,43.948638868613415
109.34527475234952,99.21329123424094,17.698165747717496,43.71606432954082
108.45905293821835,98.86030082379122,17.580196129491483,43.47683852719605
110.42458569527832,97.99536501091251,17.407761804078348,43.32739455860009
110.10983854469951,99.49002018615913,17.10282540366821,43.14137631281011
111.20251603820648,99.08872783629883,16.770087558164505,43.01765244177561
111.73640086967421,98.64434298803775,16.620893996794322,42.98784603673249
112.26536693703486,99.09349590150632,16.478435697085093,43.00501404480744
111.90764602838246,98.55460259533403,16.28071355090821,43.16963669367032
113.32925923521691,99.5851032588938,16.173401825883648,42.932578492313695
112.83868948639825,99.13099900073286,16.24789998412681,42.93414566924142
114.04933162482791,100.17133988984617,16.55062825879186,42.669472258697695
114.02610703293178,99.72561075116552,16.59707744258412,42.65128958388564
114.94285062714181,101.01771442270046,16.584014606504777,42.797718769326835
114.86791864991304,100.53066159831764,16.733878560962328,42.85974271439474
115.75432771440255,100.83274537376981,16.792376934855447,43.17123341492646
115.28061455430552,100.8862025587507,16.818621005287767,43.06431904496469
117.13539621464656,100.53780320555009,16.789521816658304,42.84100171835273
117.07446629178968,101.01269018545275,16.91138166237206,42.80761292844058
118.98252559857924,100.06003066609341,16.76760384049654,42.87676157130743
118.53600067360897,100.09295382439265,16.7441468997458,42.81091525470896
120.03212701388159,100.89567363246229,16.497315307540923,43.03575636412994
120.61422490977017,100.33219766352804,16.247063739487828,43.2487640782744
121.71284524459372,99.20856356829144,15.87482372438847,43.671031614199826
121.77884378882241,99.59277580953838,15.742826635931095,43.814437411069676
123.5954485013044,99.62814355267005,15.755584848499524,43.74370192480633
124.57577963216849,100.48142092975506,15.616346050909321,43.85857063477432
125.8222056053194,100.14409042177925,15.852984570319041,43.62340149548872
124.915510474827,99.74674391955725,15.844866942411137,43.5073405554864
126.17789949146729,99.45581777815623,16.046929243302365,43.180246060231156
125.74957084173559,99.05598677427807,15.995674069573614,43.071995594795354
127.02968793738599,101.01599593054814,16.151752557703418,42.77372752149598
126.56802849062554,101.17469840234872,16.171097431457348,42.456322577894795
127.31725528035545,101.6680248708353,16.47218185367563,42.36943864176071
128.19096316092075,101.79042775004017,16.53261523096256,42.12463288335098
129.0645081159874,101.79677435798746,16.5885022859068,42.111939667456404
128.95552477695082,102.28721873963264,16.806468963979963,42.03335682394226
129.29429660824826,102.37158511135301,17.03399553003411,41.8646240805015
130.40422695004585,101.06003531888564,17.534224556917117,41.76763395495804
136.40424831480567,102.02546989707469,19.246970265722094,41.66513659035654
140.7158971548112,100.58183111974405,20.052314055348333,41.72382170412664
136.1622888409138,102.42812309193697,21.49737045729526,41.862317872664725
135.57288988209092,102.2474351267036,22.676168374941035,42.22369380313145
137.2051894679824,99.96212624235822,23.45312440621569,42.752756368764636
136.28466354246345,99.78656420440993,24.262698262494684,43.103880444661215
138.806490115479,99.4918106033832,24.471378616277445,43.693387646714676
138.16408048843428,98.8050869537621,24.693460782046916,44.00409785763699
140.86314080016334,98.12922598521176,24.650903580250016,44.28470711040543
139.78423307037252,97.49513428513458,24.65964711847576,44.47835454988183
142.48374701902318,97.53379499050125,24.648349685274333,44.40103313914849
141.96555704534956,98.02994343244444,24.608518430390536,44.48494745749322
144.03842921660095,98.0249794689293,24.76985991698908,44.494875384523496
143.45967075250658,97.45620793230839,24.84770778163431,44.55274939422182
144.9432899185241,97.40078955432038,25.126022275615227,44.66358615019782
144.28975484505995,98.55029118959472,25.344863524875652,44.54104067498486
146.38139724194073,98.62538194515697,25.52212478788552,44.390859163860334
145.76991448594262,98.10522993670351,25.654169012924356,44.340241893809896
146.36395727531703,98.72412737871983,25.558493541839532,44.19485711744126
146.30418881252947,98.79441069122538,25.67803046741465,44.054290492430184
147.22817659119312,99.32906158581319,26.007199584749937,44.07356104058582
147.65330254379515,99.3263214014378,26.251375214914166,44.07904140933661
149.06426543190645,98.80907617531074,26.725351024158414,44.01489799976845
148.91972210105678,98.78932399439094,27.014437685857796,44.05440236160803
150.35712492398042,99.36760008676785,27.473000027343648,44.00897283929858
148.97884675983656,99.29846444205464,27.993266494071108,44.147244128725006
151.6139302072261,98.70779930929146,28.367739532556836,44.19964640759841
151.0086763466515,98.7615721014233,28.44227337621274,44.09210082333475
153.5856822589522,97.98455358301224,27.830691048365562,44.510530485968275
153.3303905667123,97.89813145158486,27.209638588991055,44.68337474882304
155.88427451127666,97.89161882857009,26.596998918728012,44.696399994852584
155.59588975167145,97.29621658554728,26.060119620161725,44.77355566312154
157.50299883744157,96.67552803404557,25.56304971355913,44.90921667781246
157.15500237250353,96.78007291764844,25.159747496580536,44.700126910606706
159.89377580676717,97.23454814000272,25.128917170536397,44.88051977439481
159.3888209424713,97.26262907404615,25.047340639222707,44.82435790630794
162.023991219547,98.34494086527498,25.223333125187978,44.83826753989695
160.95848242250545,97.19051245840151,25.169413308076955,44.96218694244977
161.99022264096808,97.18933273361938,25.29269953051614,44.964546392014014
161.34938472059272,97.22510787742819,25.478858354691532,44.89299610439642
164.00278683747754,98.35452956567293,25.660175718057857,44.82940136676134
163.2771189688778,98.32934431874416,26.011748978057483,44.879771860618895
165.36981951319257,97.76968939438521,26.252237220152246,44.89260937665573
164.65640185596243,98.38094703552655,26.56833680861928,44.780829820366286
165.6992736954343,98.85506924031057,26.711433085763552,44.94700538884224
165.04693381892054,98.23924480637379,26.896805751698984,45.059347169623706
166.51839213264952,98.77919251263904,27.32621033672988,45.10355882792281
165.1804971097091,98.64849183844856,27.737991398657144,45.364960176303775
166.67600863565406,97.915431719843,28.175458977638858,45.68825020322436
167.7646958246008,98.38054781368345,28.308095499626457,45.91302346548401
169.46979623757466,97.71379712558272,28.379656590239634,46.08593753616518
168.86088304536966,96.98142876938287,28.43311367267615,46.38630494659142
171.52244415719866,96.4699206676068,27.788982002847348,46.23957351168629
172.36356263189194,97.11496134863975,27.26346138495203,46.106208481111665
175.67566329159735,95.87447938761093,26.368571712301648,46.29544774446515
175.35267711366214,95.85314868618744,25.88103694554247,46.33810914731214
178.51659642317426,94.80161793642974,25.182421405088817,46.189481415399314
178.27871876744294,95.93456537595125,24.54644774078649,46.14704448788614
180.64435691125698,95.35143489583757,24.21602850382978,46.21309118544567
179.75619842976462,95.97181792067184,23.801320942976357,46.06783739769618
182.55028367503408,95.2491203419732,23.644366527753625,46.42698934003023
182.15039742419154,96.33132714469244,23.355332279126927,46.44018923521539
184.7808320321478,95.74127895557054,23.514501734388762,46.53627787922435
183.64168911397715,95.21035265903558,23.61645492987189,46.50996415186519
186.24041825681655,95.71629931953578,23.86670399867436,46.58761230176102
185.6331669770834,96.34367814172236,23.986208572655976,46.427852642872566
186.04960363920833,95.95085637136648,24.2480480979165,46.11878333407396
186.57725917174116,96.55164528334655,24.28741312852424,46.011881605787224
188.15275226559808,95.94900184466591,24.417767456133582,46.12338831137411
187.45391731145463,96.50569986499389,24.7177791033523,46.10765053178631
189.4600820459421,97.02426677407911,25.11573519416394,46.17308810356253
188.7368210678194,96.92391328741815,25.45190999570294,46.373795076884434
191.39332760948378,96.82841322280015,25.734159754638224,46.56479520612044
190.23029382452285,96.27748870355447,25.806847436442897,46.539954300553234
192.68166615261117,96.15214158034857,25.4143540851777,46.79064854696502
192.86899941939097,96.09269813852356,25.0396875516181,46.90953543061504
195.97746175350755,94.82699368063513,24.4222445639277,47.201151674174824
195.04114874505987,94.8764777303253,24.06772001857898,47.102183574794445
197.96205177622625,95.84705880899398,23.755978528302908,47.37304724627978
197.56773907952558,94.73354123698596,23.440005871457323,47.39088628980198
199.29747132272055,95.64407501828211,23.2787084734778,47.76859678614994
199.35773755643038,96.09198099735704,23.1581760060582,47.97489738997611
202.01307596683026,94.92695877527518,23.362653804235563,48.09887998654897
200.85126891527045,95.35137553923329,23.46947739540012,48.35844171461029
203.06331239755244,96.80027231287121,23.501559044142077,48.802774627313866
202.4240012724966,96.78813891367385,23.659094119393195,48.82704142570858
204.50165655881145,96.21249481773205,24.00050523972414,48.85414919435204
203.72486681400264,96.84621823005757,24.423580638855718,48.71720646018704
204.15637297977466,96.90606701363703,24.696396612672963,48.597508893028134
204.06181830614668,97.54570736815626,24.885505959928917,48.45701676408221
206.3067654688886,96.31192258567373,24.955572262727657,48.64460601490596
205.75437607913994,96.20249041674424,24.916400586331832,48.863470352764935
206.90533803734291,94.96264483564512,24.907447123959606,49.05019106092944
206.93054856210364,96.04016904736783,24.857026074438156,49.19327942056578
209.2715588928711,94.83969749532547,24.776184369256995,49.293633046473616
208.308085183198,95.92574604299305,24.402396335727296,49.42227140401437
211.4966715005723,94.78857490450986,23.754122410605774,49.40505419712994
211.75741524340543,94.88364832390184,23.232634924939493,49.21490735834598
214.36266688134438,93.90090084287587,22.51178545624169,48.935575416807865
214.14480551537162,94.03008271350964,21.841757355203217,48.67721167554033
214.47668022192147,93.34397569792291,21.178007942103537,48.95917848894638
215.80518456932577,93.2979243863047,20.686288079226387,49.051281112182814
215.93318884842378,93.86436023773452,20.430279521030375,48.99368810764824
215.94722136279233,93.41063914088559,20.402214492293297,48.83122334280213
218.37996478708445,94.41630165455598,20.87204403145465,48.9540248705596
217.24445165493867,93.82019251615498,20.98874638215311,49.06908119056506
219.13049461715568,94.88060357984295,21.540221243382582,49.11003945602084
218.3682461563472,94.97433888244808,21.973499390079816,48.92256885081059
220.63563272059076,95.10518550511495,22.919340678821438,48.660875605476875
219.72574050570282,95.6704693777688,23.630250005240484,48.63918296352595
220.3258202115625,94.68639515042838,24.67196196306842,48.36546004865947
219.407123188494,94.75620496555979,25.37439159346585,48.22584041839663
220.09152010982714,96.03308264967066,26.29561213642941,47.96209943580469
219.84074848041527,94.98864750453168,26.797155395253128,47.73716669236069
222.4856572077826,95.5798144332869,27.31799033609292,47.716963313965145
221.77695986188368,96.20263536188682,27.564699759479197,47.64200672517685
223.75560126123924,95.62220904446261,27.128694665168467,47.62910012522518
224.64271277178344,96.15085316011067,26.52064088734129,47.73798113719029
230.7600763686527,95.87869193647802,24.702801741572177,48.28230358445562
230.90680598756526,95.74364424095384,23.27506574669536,48.552398975503955
234.34190211349974,95.45599374705267,21.972336518501333,49.127699963306284
233.69712128890632,94.7591078465689,21.06373882028075,49.42239209057015
236.81367598481356,94.1403320645528,20.267260321311156,49.57261747603339
237.65287980355083,95.08573692849939,19.66421466151591,49.83253170349887
240.02871615364677,93.87014657400292,19.185927935286337,50.12701942551067
238.59710380616093,94.01569529481614,18.85713417355426,49.83592198388421
240.91917117989425,94.47879948335972,18.428681107410338,49.963634027127725
240.56841480344653,94.9449254189172,18.082163197723403,50.07941281859519
243.18790190492803,95.96759808476457,18.060307933573284,50.12091506242558
242.6120736650246,94.97827506350714,18.16834288455199,50.01231804728408
244.42492162438995,96.12392810794987,18.718741224216355,49.809059087596154
243.6520747365864,95.66944016648448,19.213390159280117,49.66699012998357
244.36105712881795,95.8845042192519,19.91121342972934,49.236862024448726
244.60692214298498,95.5480768606019,20.483665636626995,48.84553450651701
245.98637004569372,96.61464246630243,20.930914027892275,48.84983275957111
246.3414692531866,96.66781317262343,21.29741189107612,48.74349134692913
247.08328572923773,96.71834096856156,21.97703491456207,48.64243575505286
246.8400613658404,96.77237265443773,22.463483641356756,48.53437238330049
247.6001951931278,96.33622327968945,23.141355252565706,48.30760149990516
248.52531937667237,97.08771279077101,23.506294304209717,47.912216187108655
250.38524945278692,97.06656114073928,23.110918664780883,47.95451948717211
249.85523704753237,96.48262865332023,23.069031826727205,48.02047281344737
251.12351577851982,96.51087488433176,22.736765451113147,47.96398035142434
251.86540241495948,96.50446275712366,22.348526982197985,47.976804605840535
253.28285194974853,95.84291122464666,21.691518634171164,48.21096231001893
254.62026790024615,95.78757972223076,21.178367022142275,48.321625314850706
255.9455103549601,95.3569193063071,20.674717121842818,48.10952864213378
257.22056035318957,95.46154636353126,20.247532436015227,47.90027452768548
258.9900896894128,95.39615344828405,19.86109419215498,48.03106035817988
259.6281822595572,94.97638483767602,19.630815236615454,47.824691394646614
261.3227184960713,95.29133479381991,19.358249764332655,48.23362714927389
261.41997195768744,96.18262638703777,19.163742841100287,48.530789596527015
262.782429020529,96.25161952845068,19.560853410492612,48.392803313701236
264.12001209945,95.98157284354826,20.023022092971956,47.88711840339897
263.2914107788717,96.6421695301265,20.63352127810432,47.6126284862666
264.6334492316786,98.1280855334348,21.110059781949715,47.801411889109126
264.4221099102408,97.00100549463639,21.532738424825293,47.92622289810997
264.693581264759,97.50163875340209,22.063713704089174,47.99887436887889
265.52607245027235,97.47434785565072,22.567300596039402,48.05345616438163
266.0412281394409,96.83806526447496,22.63087170506104,48.23213885937442
265.871866530541,97.31285618275682,22.96959492286079,48.380151893838324
268.0714332029063,96.10747972755365,22.993102034297642,48.579584576160954
267.435683400125,97.74951056540297,23.155624585826565,48.622454062563094
269.9331785484212,95.95723416437625,22.610372709345047,48.8697030495334
270.0297397663321,96.9943013189469,22.417250273523212,49.00860439602119
272.5580558018387,96.38513194392036,21.781246409559714,49.12178609431187
272.7746153681699,95.83201647550062,21.348127276897273,49.132383603168115
274.02063403249616,95.45219622256957,21.03239980029958,48.803869183002774
273.56968085993515,95.54135223266852,20.85648127507608,48.62555716280488
276.27062314402485,96.24307964113578,20.815276865002538,48.29423837749149
275.1922086855593,95.84186469507459,20.838877699238108,48.030054228266124
277.3727164849887,95.70412669027898,20.730688967172124,48.30553023785734
277.36756292628365,95.63372173679576,20.740996084582196,48.446340144823765
278.9449408490651,95.95537116222528,20.788745564840415,48.870543069238444
278.3096721851413,95.88068397314757,20.984802002435764,49.019917447393865
280.22287475375833,96.38060319180876,21.478834251980924,49.10018835676627
280.6591099279429,96.36423511566775,21.69635792049938,49.132924509048266
281.0465707098147,96.38344617443404,22.015737134110097,49.094502391515704
280.9386849701823,96.9998068458193,22.23150861337486,48.961141560805096
281.98544994319144,96.32698496636849,22.34040156494572,49.205573870912175
282.4891048345635,96.36074963290498,22.439764146799522,49.13804453783917
283.429340100593,96.7970094890306,22.77415963736611,49.3729578369007
283.8972757346499,96.7176060610953,22.95499288022586,49.5317646927713
284.88341065846197,97.94532585316688,23.22707971261915,49.32068178864551
285.3195356261418,97.38826523599357,23.478687543673498,49.31094525657802
285.84011154485074,96.92977743282145,23.565638361759,49.09981820741886
286.5041348074728,96.9728868094219,23.364128785093122,49.013599454217996
263.5784716482578,96.05525984130149,23.222850608361544,48.60531170776798
262.63336793876255,95.66897110399006,22.8863470571588,48.26453369729418
263.2082836137673,95.87001563270012,22.839039288458444,47.86244463987408
263.20290827795833,95.96277566246042,22.84978996007644,47.67692458035347
264.8128801560914,96.03878032999272,22.909798149375117,47.524915245288874
264.85527807625147,95.62460465585534,22.825002309054945,47.26112353826365
265.992691250208,95.74383581707617,22.72381144305646,47.02266121582196
265.92184987550127,96.41742267482987,22.86549419246993,46.75706454176501
269.09365144322175,95.37872891982984,21.92268465843375,46.674134611203165
269.0376018042585,95.22920287454153,20.972245095097335,46.97318670177977
271.2452384170493,94.59851571757494,19.707685263470008,47.184323217728206
272.13822449436793,94.48862754449299,18.952674007491332,47.40409956389212
274.0929336396059,94.43156619324759,18.105332962436997,47.51822226638291
274.9072565564558,95.41489815498633,17.483843798475423,47.565871682381754
275.5462872427135,96.38718554967201,17.2024267284906,47.61458549807177
275.67435087140655,95.31289338663714,16.94629947110453,47.778662847971376
