1083.5,381.5,34.0,90.0
1086.7892843271752,379.63191843168244,32.12839280853139,90.83384264900778
1089.5077267919353,380.35964772341396,30.45237109714997,91.25881567461408
1091.0036939251552,381.08177020141756,29.316384739442533,91.67051862733949
1093.2230465934724,380.17747717399374,28.559597629199914,91.63814556899128
1094.2311438675056,380.7305015372173,28.369955584102087,92.3586493455127
1096.045517644583,378.8666816980763,28.407728265830347,92.4197687879114
1096.264736690645,380.9053261410552,27.9692901737068,92.01212926589622
1098.1654445647025,376.8148165119319,27.809746865677365,91.08846742392825
1099.0219310723135,380.4178760051667,27.90167526146134,91.10195408148056
1099.9222898299035,379.7540595621846,27.90775150472427,90.6227932090013
1101.6641580621717,379.9541236305391,28.024250070320782,90.2226650722923
1102.489672216277,380.4986429877481,28.169821096814445,89.13362635787429
1103.346826089888,381.3737617813329,28.23935262446161,89.16722804557388
1104.8723417976992,382.4100887301501,28.759515569439912,88.88017132823977
1105.2518205243534,382.7205412862652,29.791648182559044,88.25926621600958
1105.081655179128,382.681542445509,30.13197887301017,88.33726389752192
1105.9144367144293,383.6896002693913,30.274904112088567,88.1296365594386
1108.3087775017534,384.2101494411984,30.910627005476,87.08853821582437
1108.8481402231705,385.01181417384646,31.636739582861786,85.4852087505283
1111.5826121530426,389.4944086188381,31.552925469452635,85.49523610443646
1113.466752886889,387.53245018806126,31.371992885760505,85.83180408198942
1114.6866576357354,386.363878119211,30.727408022292167,86.37372358546516
1117.6322325983697,385.56790487702125,30.210166774308558,86.17436717741647
1118.9524042086828,391.4878671704879,29.348888493303328,85.00883222820939
1120.9319098237909,390.67319810786734,28.883411278436267,84.89140334577596
1123.6793940643915,385.9933126870827,28.59826582886476,85.56813580129531
1124.7954605185068,385.7992813000063,28.10716848774174,85.95619857544803
1125.781801841576,385.30972952798845,27.87204574669275,83.46018230930419
1127.7600146395014,385.03579762175343,27.311117020654798,84.00804612177421
1128.9054672334203,389.6665950721925,26.715472658361495,83.22275534862027
1130.4940426880266,385.6697589274044,26.884642558329897,82.85062561524401
1132.9645304608712,393.35020858263005,26.95661525150762,82.52857102139308
1134.545020224387,387.118302326072,27.131088937026963,83.31829729058103
1134.3279276639562,388.95703750004856,27.565274057888676,84.68728718374258
1136.8361344583943,384.44982305927056,27.67759946741623,85.15381773462524
1137.2928246400177,385.2882375533916,28.482490984037504,85.19526062625124
1137.7980043980501,386.1421051810712,29.205742029855315,85.22113593277464
1140.36500577366,385.1528827792076,29.313296296513407,87.19958073650199
1142.070468308324,380.73411610184525,29.45703998025078,88.92777658509571
1144.0764679803158,382.6089770714473,29.054161378956994,90.59173575992618
1145.8746196875359,382.1888817312571,29.099492430042126,91.43192644030668
1147.8606648365526,381.91493769320994,28.794562454356033,91.97981451640104
1149.7403082904102,381.8277724386173,28.70674340345031,92.15414502558633
1150.7617268466852,382.2250519525918,28.500491468192806,91.35958599763723
1153.4628946560667,382.8156329894342,28.562690909347907,90.17842392395238
1155.4553344261228,385.9248730015481,28.18961855978734,89.37765468555209
1157.3571826978186,389.5501116309756,27.961255120422912,89.27784363475058
1159.1122309192792,387.29571829008165,28.0152378114889,88.44051161555717
1160.8350721468498,387.28208872334795,28.111866767956734,88.46777074902457
1163.308368290187,386.57467015084643,28.485241277903437,88.10928562848724
1164.083579822922,383.69850036462157,28.709917366695652,86.76122858388682
1167.1664700541023,386.7341577271891,29.584362148205994,85.97008279165486
1167.0684291103485,386.58072802250143,29.780444035713423,84.51217923193424
1168.6381176567083,387.9967968574527,30.136124331744632,83.42757025640734
1170.3422716834787,388.2578776687536,30.204775957206937,82.90540863380541
1173.8283513790402,388.5231556970001,30.1616286443504,82.37485257731245
1174.7213813090755,389.27862546235303,30.09944993999962,82.5877942023259
1177.6717520326677,390.46743714444,29.376122056371912,81.9359753593376
1180.6550918303426,390.22405821056566,28.519617687876156,82.42273322708623
1182.6523834177915,389.4132269002894,27.91460486755487,84.04439584763882
1183.6824774870424,387.5670577776647,27.561257769752732,84.32305201148847
1186.4285323863455,386.22323291815866,27.182134166534695,85.30637299870457
1186.6834890572939,387.60824905294254,26.672220824637975,85.95900174490386
1187.646497686552,386.8219261850202,26.457389458360964,87.53164748074857
1188.6690827198258,386.69253081373637,26.141707780669115,87.79043822331616
1190.4854449984518,384.6230011073124,25.96357048254189,88.47491037703921
1191.0811238658132,383.4480109265788,26.505873545830845,87.35756914248243
1190.7834587802972,385.46463370970935,27.101203716863132,86.78016819677059
1192.2754346238066,385.6269579720589,27.578749907233536,86.45551967207147
1191.9313051683912,384.77650100497556,28.26700881806426,84.6865456188279
1192.813430611722,385.74436282754743,28.22518619154785,84.47325023382922
1191.893160416624,386.555706581232,28.347099206927496,84.56919010127649
1191.3788864375738,387.60743399548625,29.375647165027733,84.18795784718216
1192.9777829357236,387.48673381518455,29.64894252390364,84.42935820778553
1192.1282248442797,386.410366792385,29.60410124876624,84.83813479535938
1192.0960727841577,385.4080026013394,29.668405369010035,85.09388664527016
1194.1417252208419,386.04718733469633,29.084691289860032,85.56931257566524
1193.606571135289,385.03989082002005,28.405059912701734,85.8339660567535
1194.7746128350257,385.39736876454225,27.810258455779213,86.86029211025983
1195.8341566028985,385.1675597480521,27.43612163845701,87.31991014324015
1194.9896749698382,384.27727997254584,27.380502238936323,87.35588702861176
1195.041303436192,384.0126072303501,27.277245306228714,87.88523251300316
1195.1375975354201,383.8692306010486,27.084657107772774,88.17198577160616
1193.6460886973261,383.79370906874544,26.567332889886064,88.32302883621253
1192.969293834048,384.5404347564774,26.178194353837164,88.57230572335428
1191.0412462902646,383.5553629687299,26.556231102262835,88.80342012927849
1189.2837659874644,383.39581884111936,26.572551670675395,89.12250838449961
1188.0811414480186,385.43724063099836,27.223663533959012,88.54793923595773
1186.8559454426938,383.9331087686903,27.915987083322225,88.0400660380014
1186.8181407622324,384.0374667537961,27.991596444245303,87.83135006778991
1185.3913061755927,384.2065086619618,29.083191363820724,87.49326625145856
1185.0734176922601,384.3377146481449,29.718968330486057,87.23085427909228
1185.573935138341,382.89302000572656,30.50312106104117,86.54986831849432
1184.7402028117908,384.33023282439336,30.38083784531328,85.46519054998922
1182.238164087702,383.36924021009685,30.068803960472593,83.84310155656986
1181.3906445795153,384.5709591456132,30.020641630869257,83.18286503151373
1179.9690408912033,383.3126818425244,29.398068486840785,82.23363911703908
1177.7053057978676,384.3174116439337,28.80140777848862,81.93222314589491
1177.0023994887365,383.9986128161067,28.514309491621848,80.87690989642013
1174.6551774025763,384.0947881310085,28.190866245439857,79.01193012711559
1174.1601913385712,384.3366734563533,27.540717037905686,78.52815947642605
1173.8316443140652,385.40940621136036,26.576400253627565,78.00410479970216
1174.1481034582346,381.6560982936679,25.943481965288832,75.932451549051
1171.8441358335072,381.60815161946255,25.885484255253658,72.91772292446828
1169.7198482250428,383.0611106911384,25.600332952585582,70.01180478111658
1168.409366640002,382.7951216723443,25.29223233982716,67.61471903586438
1165.801901980431,386.8465248750483,24.808583449051394,66.63513539285333
1164.6474749448637,385.5397559440575,24.313653003261297,66.44488873791047
1164.0717103439658,384.9648693394611,24.07494649808538,66.20442624013211
1162.571110567458,387.91564412342365,24.311186009587047,65.83279675523559
1161.4050038148473,386.77555883867416,23.88054185596436,66.73153849531282
1160.5705162222937,388.4054358279865,24.16301960785014,67.63127681635353
1159.0354478084662,388.0208301339227,24.424205434479383,68.40048820448106
1158.235909019732,388.9469560237113,24.60308074111731,67.96843869573485
1156.7928094782228,388.317324542526,24.65474830531158,69.22770165810549
1155.3280426965773,388.86173626677976,24.711877640268398,71.01128243793188
1154.6787801768733,387.3557677611419,24.54769836463224,74.0232194492076
1151.4732562158565,386.6975638990402,24.948271113242388,75.33962717341105
1148.4372687527668,385.97023130213586,24.905517485020997,76.79429236721968
1146.8811035887586,385.68819042879113,24.920687605941986,78.90695421745687
1144.4429036025354,385.5954324613858,25.06051662641893,80.67132713625728
1142.889621797324,383.17882465758515,24.95416034802072,82.29162285503784
1140.311307744358,380.9387685647809,25.228445148417634,81.889391735111
1137.432419954381,380.4859115448469,26.105739921930834,81.16827883949887
1135.2932530508672,380.19213057894706,27.118531250851028,80.1230695322447
1133.5797334086762,382.4303945817016,27.272647534669932,78.91946452729846
1131.0730169279816,383.06155023045613,27.419728638090124,77.65715322978943
1128.26404481222,381.87317786858586,28.217339272612342,75.21356435652892
1125.6518188418356,382.2173914643494,28.683067670302073,72.93889598397547
1124.2583070028136,385.1043288204113,28.346199641176618,71.85085883260587
1122.0451152468913,385.08625548022235,28.15176130159836,70.34673156250966
1119.9004537201297,385.91680460358475,27.89561091701917,68.68563331578476
1118.0858251255438,385.3930653515213,27.064870380411524,68.24644591131867
1116.0317622662274,383.07561139917175,26.776434553240545,67.01927175494642
1114.3955265228701,382.2416682383443,25.720778897616054,67.24444902915505
1113.3652094430595,379.2276733242031,24.927327518694348,67.56426778035099
1110.8669343040524,383.36580520800186,24.254510156891456,69.20939738243273
1107.32021984913,381.05611348741695,24.204567691071915,68.11408372307088
1103.967810988428,380.3775090944846,23.84874973986562,68.05916537441354
1101.2413817054655,380.309303281903,23.682080553258146,68.19557699957674
1099.0937927836462,381.61653234712173,23.76586641295693,68.38871352509926
1096.325111132242,383.5863120970116,23.670920950062715,68.6733855995964
1092.7682238584207,384.1607972020261,23.732651429644243,68.93482420317959
1090.6836919802479,384.43788391928643,23.655931775274425,69.79591190556415
1088.2800724089593,386.58870750731734,24.1847694459544,69.7726662013998
1086.9019729530773,385.570794534544,24.070082670390555,70.37304930328267
1085.472480936442,386.6293308784397,24.045238949062885,71.1398043700897
1083.9538673785012,386.40672304979887,24.17769600857056,71.58502002737136
1081.9006798356809,386.5727052097951,23.900635233960223,72.71420099412916
1079.883526126202,386.24364836111494,23.518507811313874,73.37231469148945
1077.0185404665176,385.66905712213145,23.350558644568938,74.52149716945641
1074.7764730346414,384.36181571707857,23.371608371927415,74.16058988863263
1073.3341097194009,383.85958192431576,23.290407502650257,75.16505747415832
1071.0214952924287,383.1055875679127,23.428508320436087,75.17733684157807
1069.5100583995857,381.7410532419097,23.454514352929337,74.90953774039146
1067.703045666676,381.407865400088,24.078307200011665,74.0807971146663
1065.2337151182705,381.75331723341486,24.532473959141868,73.38989344801256
1063.5735843568762,382.03083325625084,24.866080196560333,72.83486140234061
1060.7620819774254,381.510259443166,24.523021258280835,72.38449310421514
1058.496364571591,380.52784767406104,24.617939710895293,71.39163906972192
1055.6302526366312,381.0179725350311,24.48448560569318,70.4113893477818
1053.0512583693214,378.0193240967674,25.292448142322662,67.70863422832905
1050.469567047795,383.2202231632091,24.751853564391368,68.71479053741464
1049.0908657085652,380.66078098507586,24.64799387325708,68.1111501544939
1047.651053358298,381.94143811379655,24.687379593055113,66.96995538742082
1046.9452640196334,381.81133603758485,24.694456946181813,65.82565821564138
1045.050358048977,380.0533319234187,24.319561321941997,65.17695887842086
1042.9314846249536,376.72206212241707,24.440751694979987,63.606385530407394
1040.9415667534472,378.01788830946936,24.3650701456192,62.36657225376078
1036.4108478095316,382.07619614706414,24.097794822707318,60.91332315767332
1033.1426273027039,378.67365441893594,24.099256059545105,59.87643088174837
1030.6606181122634,376.45886473982875,23.89488108142544,59.13761688096193
1026.8950962299843,375.82951178009523,23.759046343034772,57.840696632779384
1026.3793935411588,379.9383931967157,23.533750091435962,58.419845204286574
1024.5440049478996,379.7219140493146,23.42141916871099,57.59176746267443
1023.5205214443943,378.86357979735305,22.974177722357943,56.814227513233874
1021.2182482980814,378.469365127068,22.666993073172435,56.37472411835121
1019.5748068536259,380.63415232998517,22.305499814834064,55.69352585976625
1018.5458946290149,380.2076034303965,21.963589239232306,55.34675614653173
1016.252310929372,380.53419965876265,21.79567278793313,54.69356368979945
1014.6745426408024,381.36357156903784,21.422092744142994,54.21119207622563
1011.9572545614266,380.57259007072844,21.042886555169147,53.467642133754225
1008.1161778699992,380.4512032826198,20.70807134286382,53.71041570997151
1006.5445534377282,380.03009841395044,20.423005840598307,53.40985399170765
1004.292679813989,379.4792837109778,20.393394790424335,53.37814382323984
1002.5116865788679,378.0487290494275,20.55832340265486,52.842195288328746
1001.4378820786138,376.1680179187781,20.450701233665548,52.09315521063246
999.2599076106038,376.03235763524316,20.346958956277472,51.2495529743503
996.4672445712154,376.98720964031946,20.427611399009802,50.44078369140667
994.1001097567673,375.65911176390557,20.798962620189542,48.73406103651829
992.0487242623143,374.03121474262804,20.610980686048766,47.69910215602661
988.9285178814117,375.6226242490024,20.52503990765885,46.62506765667624
985.8009856037189,377.9263717694539,20.55618381972498,45.12953293743298
982.8054022351874,378.52686642335624,20.45037174749596,43.928543629628315
980.7868117600798,376.31913448339907,20.500176694806246,42.362943505185136
978.571671902787,370.5148067484631,21.030904574898837,40.32316755433139
977.6810011733592,374.77684126111,20.903866772854798,38.47842594218622
976.0322767632213,376.3456644563373,20.501880541525736,37.190497077533976
974.8177316070771,376.91708147184397,20.23400624475753,36.04766304652076
972.4067438916976,378.61378514057907,20.66830457332425,34.40932654992737
969.898805912138,376.5836821656882,20.52064390583603,33.30599587310168
968.3834170366733,377.82033014660124,20.18476457051475,32.51602845440085
966.5353418589041,377.33742641858026,19.759743115630226,31.8333671862736
963.5722976140297,377.5633901745399,19.23056040433165,31.381439674354336
959.9027095147786,377.2715185349857,18.6569758875919,31.17390688193849
958.2410550515949,378.91021842610974,18.087662185739006,31.010605202266717
956.1600067741756,377.5538469691299,17.650901763969912,30.657443465154504
955.6362855008706,377.4661692854293,17.19067159951906,30.8327988325557
953.5897233715505,377.75438308856764,16.792150140693263,31.004978845856748
952.3322797258847,378.32029673721524,16.32965849646159,31.361841016343043
950.1306700884601,377.35610097186895,16.282907885325102,31.065247604042746
948.898910907056,377.77067071377155,15.800428944458616,30.9726074461562
946.3501106872658,377.57946841783007,15.810214967961286,30.628181407170903
944.6201014872357,378.099663130581,15.660504550136805,30.309737745246014
943.9617608245154,379.7535824432422,15.547801270466053,29.86066833014585
941.1626627693552,380.43328196327565,15.496738536225271,29.91358400121927
939.7087440486881,383.1226014649062,15.580352944932386,30.18339106321175
937.2484772088593,378.46548380785555,15.520687847979307,30.248685792179053
935.4503829570613,379.2295177082511,15.559940983116217,30.143392138771677
934.5950698274787,378.0273214767195,15.139012651813417,30.416230011366935
933.3542006687352,382.2076347364232,14.791757976161856,31.24983071966001
932.4796279944354,382.3025674313637,14.400734972060256,32.48674423157969
929.9849213755223,382.18482883960354,14.318491576299682,33.446743791326654
926.1299852253992,382.6904208828406,13.921637789810369,34.64648500123491
923.572328822913,380.6220229744073,13.806264900113707,35.79431756400504
921.7973785728947,379.55097129272076,13.547754466979145,36.41305655410957
917.9232303749837,380.61929433101716,13.63697323573867,37.34004152834169
916.7513365816311,381.8717004249688,13.638388720761803,37.95839214268106
914.7339505992162,382.1948228258587,13.724860224370113,38.10180743314558
913.8556631003352,384.7816597582962,13.894882333242357,38.481068679384784
910.5790583019539,382.38571158271264,14.03387236824475,39.26407780445179
908.3971374492086,384.6165033637831,14.320273278041498,39.69542319714347
905.8071892500685,382.80351762969434,14.539116009519962,40.014025554120074
902.7483146460914,381.8195514502661,14.809353236170775,40.31124020403271
900.8772277006115,383.6688675576017,15.173543455906298,40.83508757839213
897.8106590832415,377.70472086438593,15.296695325813234,41.601979572991155
896.7268824885964,382.8333971688354,15.720701110344809,41.80591139264375
894.0753523001886,384.69856241788216,15.729722583496622,42.487279980936854
892.6423416197232,383.29987084953865,15.918946887173234,42.607866060369744
890.4028532080325,381.55143450685074,15.910899941281265,43.412524484181674
888.8948916102473,381.39508538855966,16.200472973454815,43.72522272076377
887.3717578299419,380.95667934891543,16.49127715533797,43.68354700714296
885.4091962399771,380.96267820241275,16.723882409092163,43.67154930014833
879.4914322131555,381.4093287145021,17.433749828689386,43.705386662140135
878.1185457400446,379.4337519836834,17.358514522332783,43.895195787006465
876.1404105918759,380.78517850175535,17.547893520556194,44.017511224448064
873.0977312659874,380.9301264217663,17.95205294891695,43.727615384426194
870.7845377509049,379.3564707143963,17.828974544213416,44.025247538245154
869.5846517727482,378.74786795114983,17.372770217340438,45.24245306473815
866.6488891783125,379.6746939132322,17.476268278044298,45.31147684996256
865.4994249330887,378.9644191004055,17.846824434992687,44.80365414211682
864.1902644773228,380.262820605774,17.57458855899158,45.09740791891264
862.2778901989501,382.15872540751104,17.54784237151965,45.15709305965579
857.4086171123714,382.497936542381,17.65386818471749,45.44192282591193
852.8234309244561,381.84268816098154,18.101041822902946,44.81393098034533
850.8651531857132,381.770528912087,18.144785661873176,44.95824947813437
847.901463413627,380.3075361571669,18.245795928530416,44.97105034921697
846.4934200460251,379.99106052927266,18.14274432819694,44.630955493159725
844.9944714671594,379.7489417615811,18.24171248957995,44.148883363093475
843.1712668743211,378.7426607515645,18.043645046854174,44.23920706892541
841.7868995413995,380.00471759340235,17.9356830361332,43.63289116962573
840.0574021648199,378.480976397318,17.601734301788404,43.835665946166344
838.5590883842026,378.8153679286109,17.762732365702956,43.16688288358052
835.6930192587012,379.4563314063466,17.8642344471854,42.823395289695874
832.8249473464189,379.9778215921552,17.988663972826203,42.71570063456598
830.9732377521764,379.33379910815574,17.948334773227412,42.13187140852288
829.1586407043901,380.95209255480563,17.87038990581312,41.67563873746299
826.5902000217409,381.3513730713428,18.413232092192626,40.87707770438871
827.0663623894263,381.91650681176964,19.29450436599287,39.746810223535064
823.8399691307143,380.88272862114354,19.33716828902413,39.06717120719024
821.6147846480277,379.83833815016135,19.25484682558859,38.436337891869336
820.4679470371071,380.74217071880145,18.86088096150811,38.42043347853692
818.3104663144017,380.1521526371861,18.731726043199654,38.71164636902366
816.1257103202698,379.5830817581604,18.64706264138706,38.95895304905983
813.0140955882924,378.7672892666276,18.619490309833004,38.804594661980076
812.1190777041412,378.4778027140756,18.62904666566439,38.493328060848555
812.6622659874706,379.10912197012425,18.42853267403855,38.116552123783954
812.6594567029211,379.4406117098665,18.434151243137315,37.45357264429952
811.8309834701731,378.2753405430091,18.356524251978847,37.18225479303262
809.6014230900475,380.384082298241,18.50577823816377,36.41266470182198
810.6446049743085,381.0384996420971,18.979273389471967,35.95711632071989
811.3824475948536,383.1479763716025,18.358337148160828,36.01190786060465
811.9621701189509,382.37328481221857,18.043757684208856,35.871559810887355
813.4690456057701,381.4844031571858,17.542132895022874,35.97457233131785
811.9700495868417,381.31353456109093,17.219358904461426,35.48611801640301
812.9801610429918,380.9968742883628,16.834036121140606,35.30198849736959
813.9549307052631,381.7967061237332,16.500615845581304,35.31844387561201
814.7803828375239,382.4616487595184,16.454678540527887,34.7910420837758
814.8946089154892,380.1204072147932,16.226226384597382,34.70953195328984
816.8976829250194,376.5120525939702,16.164200544941416,34.82682127200804
817.3786505695443,376.0057785989906,15.991713140655959,35.04992137720259
819.1054914626988,376.69797783095294,15.69672352712629,35.24486899966762
819.5875522923209,380.51080611370946,15.519926801366532,35.49246176900026
820.4646024349203,378.43997990381695,15.341428911585478,35.69510820024073
821.7136401132852,379.17729921174737,15.206106273286613,35.79563806333383
823.6144829734077,378.8417840259391,15.337643710690678,35.68002380342058
823.7902293832594,377.77629486087136,15.77344998536094,35.449104850434644
825.3556136340861,380.4719905224966,15.809229478369323,34.80753551917701
826.9207319542425,380.3357681179302,15.81079954402859,34.29702865181682
827.6625292186874,381.3947729449301,15.878321135076945,33.73013511775498
829.9585542516797,380.0706202962797,15.897185405125624,33.304497524366994
831.4174711988968,380.5268050568994,16.029791617356967,33.15473802979393
833.4363658304691,382.66390434385056,15.805662216479918,33.456931290612495
835.8160798510893,381.2148248636956,15.62565793545642,33.30214107744445
836.6416501563705,380.99786549219243,15.490199704797037,33.73605982045082
839.3729124133313,378.02968842311293,15.360188450974105,33.57811308992558
840.5575657267473,379.4112367501606,15.262524175594988,33.84387290443403
842.9062621581976,379.4476881032007,15.121305936025536,33.77097019835384
844.5251858287083,379.36616296639187,14.906753965365837,33.93402047197155
846.4694978065938,377.4566465663727,14.790196159958828,33.98098712164601
850.0701979745664,377.2587955788606,15.119182246963092,33.62365045437515
851.6770309280462,377.08503676793754,14.92010909425427,33.97116807622127
852.9249510902392,379.67272271830234,14.689829394309601,34.08210429918836
854.5903677570021,379.92073130363684,14.369918494893074,34.3388177370467
856.1090710076546,379.57227866734604,14.335626008350093,34.28494450593777
858.2623098745786,382.7059308292452,14.525501611244348,34.01277796446266
860.051906985108,380.0551043565546,14.690421417849164,34.07267127111478
862.9695087487042,380.2351033576375,14.876054333687259,33.712673268948926
864.1112341710361,382.11159882692647,14.844596169436471,33.713003464392564
866.7711251331614,383.3668942367846,14.775619294117266,33.452757665646836
869.4948367127454,380.54988757545516,14.544090756521081,34.61600416981553
869.9177029140304,380.24762351131125,14.45622891431087,34.46266173774326
872.8809807324096,381.42140227817777,14.56245588615201,34.377397682235085
874.7936219604231,381.61871774748187,14.510915136441335,34.73751508489012
876.5932369274655,379.69060717026605,14.70687016132991,34.798551280348434
878.1506550250186,379.430740748146,14.645604701609779,35.31828412458859
877.4152891047897,379.0550360714349,14.57671366397749,36.06969347801063
878.9263280780907,379.93690517484356,14.67231421198743,36.644214142152336
881.5047995440096,381.794622287806,15.04115905518377,36.87577118410904
882.7925126467267,381.5496318132211,14.86365808309988,37.36575213327884
883.6031719874559,381.7638890858477,14.848739037961817,37.74043740618579
882.4327990654106,381.8987453959366,14.764516790798623,38.27904748309268
882.7686879806,382.82337537501166,14.907292310277171,38.873447574515
881.143367498561,383.0756115411431,14.855334845280137,39.19462484952097
882.1089781313575,385.38561516849154,14.582762729657535,40.379889619720664
883.5354331820164,383.5753772362823,14.25399641604201,41.47622169643701
882.2919904253013,383.74097744592297,14.18769163422425,41.996084708904974
882.9288117429055,383.28517145106326,14.628572140201609,42.050435128031346
881.8433887331611,381.9057376463733,15.06727207423399,42.211083609226684
882.1641938831682,381.7328413489925,15.30199599130005,42.556876203988274
881.1868548696026,381.83109955011037,15.485614249416937,43.2458896862597
880.1725955887025,381.0567159446647,15.716722467923333,43.89595172550407
880.0925956781115,384.1053855033184,15.876722289105317,45.096085169317334
876.587605457073,382.6062016765976,16.361090483450447,46.22999218054986
875.9933621669196,379.3449111953258,16.59236022696396,47.00927212233449
873.8951436464525,380.345084436716,16.89862138093594,47.926557554775634
872.194773093183,380.01192021607875,17.32575274431219,48.59288599605004
871.0063450734574,379.02371909708904,17.685665602651856,48.552345052917794
870.2814914054045,379.1945665766074,18.120964241031302,48.2106500938811
869.2029770333045,380.13099815289445,18.243255715750497,48.3725242107876
868.5127523674305,381.1901505888215,18.60181445491418,48.29800052410244
867.4174359785102,380.8382745092903,18.737918852659497,47.974488493117335
865.2760408272832,381.62526369654177,18.92048250753865,47.42556678050805
863.5182071795049,379.3146735230374,19.374869805161953,46.94461379762791
861.3073206506668,379.7109274114457,19.710278440077985,47.17369712650134
858.5162570869527,378.7639322992351,20.13813816284119,47.00598038905662
856.4400759592278,379.1298412224102,20.146469478842075,47.310170277568545
854.4176516727191,377.63305103704573,20.029100952146724,48.222642098441206
852.9421684517666,377.13267885326263,19.82510213422278,49.22338646600736
851.3187057452412,376.44473702970026,19.884668728270892,48.47436423379714
850.2149406363312,376.7782072046593,19.98675964198788,48.86014353593067
848.8180221008745,375.5125380145338,19.600301265801004,50.33138343381486
846.7941610299614,374.1935984981502,19.3505287044423,51.8948887907858
845.0049115985313,374.4962496224593,19.65206953065682,52.38190588771621
836.01744920159,373.54847055297813,19.951294998755536,53.17273281881701
834.8805608451138,372.70943258261855,19.982161133205004,53.72935347028472
833.6483654125851,372.99766734935594,20.18657633481786,54.282871768532246
831.3389119287858,371.7485084212052,20.23907144564364,54.49798369644736
829.0047404883782,376.43953011364687,20.324890143971416,54.28098867653891
827.2370107829962,376.0145177056023,20.428143964896673,53.98694496268173
826.5427302349543,373.53971823979475,20.67499371944072,53.227987186597275
826.5138220760207,373.39497726411133,20.73281003730787,52.382219964733984
824.8701680532823,374.5879149672198,20.647741321022224,52.24459573302533
823.2229416655526,371.6870734940172,20.58031864039753,52.443152919290384
820.5543400269709,370.27170742963096,20.306150380794115,53.029336433356086
819.5718131465765,373.65547469802164,20.01964492545075,54.14225915303698
816.0049463654591,366.4510115540423,20.333909991638496,53.775670366226564
814.9920735093052,370.4356664077441,20.085683128924547,54.90225095890983
811.5582090821276,370.5396973147041,20.06150934553177,55.84283958461461
808.1712672650481,371.125257284939,19.865395464210838,55.83338589672473
805.3323024321365,368.26171343000885,19.7534432813141,55.770591757865034
804.7617152863469,368.5062041435772,19.739569389199914,55.28161033072848
802.4859628524139,367.2432260148953,19.699830490131788,55.51194470462514
801.8540250330684,367.4363057677294,19.81332517454556,55.125785198956876
799.4693494342459,368.094740865766,19.994994907094597,54.95583536915758
799.3659778877177,366.4003445301809,20.20173800015114,54.901294509913264
795.7797139668128,365.04174487418203,20.469867890480586,54.16629484617081
793.4045768363793,356.17614551173403,20.64000616054785,53.57694960786845
793.671333477032,374.177337473059,21.246126678433882,52.903213460155186
789.9346384258442,375.55167442894833,20.733983469558005,53.57691096748431
790.7412572371778,376.9878446051016,20.262064757708846,55.26984625844955
788.3688126575222,375.3642347218407,20.37856126546674,55.04577153630627
787.28671799191,375.66705531369723,20.230764482271518,55.59612340980299
785.0677272681054,376.9849002011472,20.02394055471485,56.44403766627755
782.77193008294,377.3467288148952,19.937231471242985,56.88995630223209
783.3410890500029,366.8620446246411,19.973281826847355,57.89506375732833
781.6045031115048,368.2875679013726,19.87836278667207,57.42274448197965
776.7909394633982,371.91739696303716,20.05829565182716,58.429381485826134
774.8742432654523,369.25734613053726,20.296095729126737,58.95536005936954
773.5663835918853,371.62540866945596,20.491089355270617,60.271049284007574
772.8818669974876,366.8909074752093,20.627451805735273,61.11135650418579
772.831619055862,373.2948405978485,20.727947688986383,62.021924310598166
771.4709023699805,374.61521689567957,20.92551775543835,63.166966672902745
769.3175932089339,372.3053545641816,21.386611615961918,62.65932538713929
766.1700706865898,374.3225738145147,21.266454701460145,62.474008061987035
766.6236987315579,371.96757250659095,21.63740623989878,62.0711801643356
767.9614345406472,373.0893061305303,21.520377658267456,62.386155953004526
765.7597071500122,369.0295653294616,22.07907928672477,61.53454686524488
766.4553573325385,370.5345057025852,21.967354208275218,61.08381669220411
765.0873140031898,371.5138225704523,22.161224172092197,60.3962913039101
763.046892286804,372.3871773738339,22.44772755460829,59.91436171389881
760.6308572047279,369.7040218824784,22.22761849411475,58.965448665802555
758.977342487126,371.7718905972634,21.798211354313718,58.56614781123743
758.2671301781352,369.60557271540284,21.986614422180224,57.970697374498414
757.442363128106,370.72203642621196,21.182393332763876,58.19152514235503
756.6217171575427,367.05257442932157,20.39260539135465,58.23720948852811
757.4924485873019,369.4241249579953,19.853017013121693,58.30160635632183
757.7349462531192,366.60467797635386,19.368021681486876,59.168635082378934
756.6473055031774,367.8600409059311,19.15043464621807,59.050777758376825
756.0265688296632,369.8699764435731,19.20114224617425,58.603203924310364
755.3468651348425,368.588688879737,19.375214891776224,57.60977481986461
753.6437481738425,369.3675509963748,19.258287739663352,57.226437611293235
752.4406407331459,371.3084656045411,19.33091892699664,56.84498393605034
751.7324701515134,372.93408383861725,19.584575138517696,55.91911737138564
751.2706450075771,372.54008358051584,19.354123780555618,55.553016241753696
751.2823189347819,372.5576959815426,19.330775926146025,55.51779143970007
751.4387688706415,374.54379862735465,19.01787605442671,56.120624515195075
750.9389025742134,373.37288049700317,18.87095719912677,56.16915787958551
751.6409662877763,374.43549679204983,18.611488517004823,56.333242779500026
752.2031576841946,372.1665839334389,18.629351610596263,55.15983906458163
751.638843848746,373.9999717769952,18.6321078558274,54.8706776544676
750.596333213271,372.8719925969695,18.473523490284663,54.8830303780262
748.3818849409728,371.3905653780987,18.42608993147368,55.60771976406403
747.697536727474,372.1913402123364,18.66625704175183,55.13469941230804
747.560903696612,372.22111353985485,18.939523103476013,55.075152757271056
746.8994100514644,370.283658665532,19.132187130195977,54.42876945161619
748.5749511655861,370.9653262069253,19.154926113777236,54.190041439437934
746.9308552460799,373.1587742824467,19.07828374708651,54.28959089599909
749.2342591473391,370.30773042007957,18.958039426143113,54.38347426876447
748.2707145414001,372.0100110911421,18.64353870587841,54.3412978248534
749.4501250086533,371.0844015027342,18.513652083389616,53.9635826896515
748.3559643699667,371.28010096872424,18.48854281914293,53.57218375767141
749.3627312575738,370.20072255280286,18.676363690170678,52.428908620150985
747.6754359994636,370.1342893915112,18.78763829649441,51.47400297276872
745.7936639640611,372.4736224818319,19.32278261263209,50.023736546794545
745.6181430824003,372.03517915657596,19.67382437595394,48.77066422369895
746.5687666813145,370.8319402935226,19.879047315545,48.0174367436763
744.7230767259182,372.7721058256081,20.432341494246394,47.27519141159652
744.6691689401056,372.0135284486585,20.540157065871693,46.70214265883381
744.0131062334249,372.179880867596,20.81357898268463,46.36943782095888
744.3694919589337,371.8656703734718,21.139495242126944,45.959171098747206
744.222116813499,371.77579572300886,21.43424553299628,46.13892039967312
743.4654162867571,371.45853180190886,21.90143283555637,45.727234490949044
742.7177025971192,371.01365885985257,22.348495479246978,45.5686156394768
741.3228162674508,372.1677896940855,21.976815441167968,45.36798910262156
742.0560313758725,373.1066320125578,21.55481765235149,45.579169321730845
742.1455950807294,373.1734612273842,21.37569024263746,45.445510892078026
741.4399290918944,372.80174041775877,21.75192795466239,45.15385824568368
742.6430617527627,373.4163583000686,21.420455267900152,44.96201879855123
741.4547764148836,375.34084376721654,20.71054297849185,45.22835848447758
743.0381254104001,373.4870778143464,20.604758443678357,44.8546724485922
743.2430235142273,373.8863561124095,20.194962236023976,45.069134527022314
744.3365364553762,373.8801200828995,20.025829212272527,45.08160658604235
743.0723677426897,373.7032824697977,19.53570517003022,45.43528181224587
744.3474836848201,372.86452657237555,18.990744319086055,46.11015809043187
743.0932846174247,374.29215411131264,18.4909651762853,46.26308029014922
742.7293498901729,374.17592897544813,18.222808823410627,46.49553056187825
741.8383187792846,373.45156477913207,18.015719051602517,46.949682957717954
741.3133537467523,373.3919083347725,18.068261507644372,47.06899584643718
741.3625437998681,373.80175343556533,17.969881401412838,48.24939285172057
740.7860426292337,373.2961996057961,18.107681535773303,49.26050051125897
741.3885981436946,375.6816699516908,18.966907970400666,49.65040347834227
740.4603045089644,373.73443458175433,19.770263148743513,50.38517794486254
741.3374896009547,373.40745189466554,20.1722735484485,51.03914331904019
741.095240046471,374.18519398071237,20.656772657415722,51.67323023931145
740.966113108293,375.49119464334075,20.915026533771673,52.398924436849285
739.6871370455002,377.04902278987765,21.21773596492987,52.666132185416465
740.1955558131982,377.28047370542765,21.337768398121003,53.340100322903645
739.6488377182102,375.73177218062943,21.28248885445954,54.14007190522515
739.1406063836595,375.5680477351854,21.139714816568322,54.46752079611311
739.7286759849962,376.5794029697037,21.124961537841315,55.928968098915874
738.4364551203514,373.72025590202776,21.345209174784834,55.736777003403
738.0605793346615,374.663169002945,20.91366225154904,57.400846285415724
739.7383812356073,372.0358636902317,21.15616496320333,57.85798155944792
738.6009299064681,372.37033344025724,21.010481040156254,58.3993353500596
738.817107166432,374.0907283699493,20.578126520228242,59.820149197853354
736.5739933376939,369.8311335687262,21.380860058176307,59.74451918806673
735.8007138644796,370.5543529639376,21.686080027613755,60.78075835162598
733.6425882132916,371.1832419855266,22.21729175759534,60.78466016591294
736.1014204575529,371.62175412504905,22.385032570099476,61.17898721212461
734.8503105578442,374.6772245260663,22.327201167038165,61.468174416286836
734.1728909546325,374.3792706295207,22.398922597750882,62.0640822093781
733.6100298317817,373.9063275950507,22.231706717599902,63.00996827831811
734.4970259745179,373.64944337691287,23.064558631804122,62.22031461475545
734.4129679034661,375.823171258481,23.232674773907675,61.79446484090424
734.9969027630713,372.7102296184602,23.368934292095503,61.49970193395544
733.6689325589264,374.21818428477275,23.42016808520073,61.08849921651483
733.131077921129,371.46212295518825,23.198504379583298,61.41112995083479
730.4647290599279,371.4070245374798,23.339130222743286,61.521326786251734
731.8160674359463,366.52242569666856,23.24070884939392,62.17563064246802
729.9366748893846,369.4319965370879,23.070282097051344,61.595438088917135
728.1103374053567,377.85899244475746,22.827900722100843,62.918375874273266
728.8497533408151,369.71013405951305,22.661987478850687,64.77398774042776
735.0335256287061,363.4349892325348,23.658663187339904,65.29647913854029
732.0810705903806,364.3660169839205,24.11572285006692,64.79638623924981
732.2523092356466,365.9520471142357,23.773245559534914,65.71350201306444
731.6082369706809,364.1604929788554,23.6913899366587,67.9266101310172
730.0151373977518,365.26663520550113,24.07733059644707,68.51458416379543
728.8721245897038,365.88519149225306,24.947819691436816,68.69300811139783
724.1916711374919,367.34992769973445,25.70552938024138,70.06513430424471
723.9624862225364,365.7857060762991,26.1638992101522,71.7263818419872
721.5392852623455,364.3431174403662,26.512543696000826,71.61305415749763
725.4089887548639,367.69180855572375,26.29276772166793,70.93137673534534
723.9462576544777,368.1232723498109,26.237833033774855,71.55864759150371
723.300388252534,368.6953399447215,26.031383743607527,70.41451240168246
722.6907316480695,369.7179464309843,25.7726164345313,69.84737994716224
723.2710046264011,370.4807969095198,26.077360072951755,68.32167899009116
723.1710494792993,370.8683467551237,26.277270367155353,67.54657929888342
721.313859309069,372.97596587645853,25.66755748661477,69.09679868421546
721.2904693013095,371.5295666043139,25.714337502133763,67.6316634463495
721.3324217247991,370.9469745788948,25.630432655154493,67.36436424485576
717.4388643011633,369.1775704123592,26.281846123569743,65.19461147484198
718.1258728432409,368.63884587207207,26.315441573741218,63.456835486762856
718.2791678141662,370.9217931104339,26.0088516318908,63.04041189454837
719.7572744534069,373.2132162504574,25.79604076200289,62.57266922739175
719.4994920731232,375.27963658315036,24.9504344792473,62.52334169197456
719.8287610878585,372.2425946607757,24.291896449776683,61.87044845103054
720.0208814176957,375.13863194948675,23.90765579010243,61.37530110082515
720.8885087313741,377.8361145669269,23.482636117391362,61.22127568452872
719.8127220048791,377.9828798973257,23.033408662541763,62.228145477651
719.3163276252156,376.6608963910695,22.71944518630672,62.258608019039556
718.1237651484677,376.05860466159976,22.501532824783663,62.16167282046958
717.0017591355792,375.8101013633993,22.153163099894854,62.65867941687037
715.2315383629098,374.2589477232458,23.099645339468005,61.87004773852908
716.3709684068639,373.8946939312026,23.42641834030047,61.29573877824525
715.4588227309077,374.67989683315204,23.95025001402381,61.025792652535216
714.6598004446065,374.3348558631734,24.242320402785303,60.40990040865136
714.50769277496,373.87716306309284,24.546535742078266,60.02295379353748
713.7849536710239,374.60966984625145,24.689836040618676,59.860118136551876
713.835602548237,374.07824676441817,24.588538286192538,59.6205861413615
713.9422605508464,375.2201376472935,24.375222280973652,59.931048789402766
713.4001479382807,374.65155517006696,24.161644105033666,59.77041034278443
712.8027795711362,373.28378327299805,24.06469721866368,59.922586895604155
712.1788588902697,373.49217868314304,24.020392027913942,59.5057960753141
711.5054034016281,376.47982161191635,24.08194903876993,59.957280049903666
712.0220245875423,376.6377594478801,24.3416605426085,59.64140437797616
711.3490725479468,375.5750794864712,24.394533542081874,59.180702141359
710.5727855737156,376.70462461029643,24.659779299027626,58.20894008522531
711.9216422868641,377.30194218192463,24.518071441290555,58.29230772624899
711.9392624852337,376.2558011465449,24.482831044551467,57.831196348038894
711.452931582817,376.277770118867,24.18608323623958,57.78725840339473
710.9420933113857,376.15590100656834,23.944244561919266,58.03099662799204
709.1461331758544,378.0985425721039,23.747947410945585,57.9339309189575
707.0860144610109,374.4545913833803,24.094638723205126,57.67474106155012
707.1254337515023,375.18174956677865,24.015800142222453,57.48069289568434
707.4103623764005,373.21084123255525,24.702010427278925,56.39823942471914
707.2774741386562,371.966541895184,24.96778690276759,56.38174495917091
706.9435805012274,370.2227243678038,25.63557417762503,56.09841417668282
706.7852564522865,372.19318680452864,25.952222275507047,55.95129560796972
706.7128280214497,372.3489002350634,26.097079137180643,55.63986874690027
706.723069581013,372.9874295544545,26.076596018054083,55.62881223002151
703.8134187533154,373.9680697149908,26.83396379206232,54.93301537929552
705.1280797211637,373.23007918796907,26.74167851026575,55.14047810638911
704.5639840142796,375.1244244338831,26.59992376348846,56.43157225674203
702.9415435388167,371.8720792714072,27.272182166307473,56.50470621142688
705.9497797280338,361.32059660387836,26.4520569496664,58.12136968975983
703.5756139310721,373.1117154542298,25.96713853258516,58.08875703857846
704.9464956381073,375.9136396535509,25.82402821974117,57.68221484238915
701.7441087500257,374.4372561517737,25.77424280524093,58.05315816967814
702.5136816434189,368.1251982204952,25.53051510505045,59.01851125287255
699.1676929743938,376.88274597663275,25.69694428510526,58.469840951384846
699.0666875842128,375.4056690884411,25.89895506546732,57.52370012916554
699.2681599326424,377.4401906216799,25.496010368608108,57.32443819595635
699.2988160917648,375.1051199857752,25.434698050363338,56.87476310924745
699.5208795505722,376.5357879700018,24.990571132748563,56.55813126915728
700.4457535477333,378.23121258810545,24.40077029453327,56.947123501270255
700.7898860818012,377.0147875726673,23.712505226397305,56.86962398605304
701.5955704237876,375.0863122497676,23.3429994784758,57.000985823698564
699.9949017630034,376.3688829221981,22.832760345074263,56.91022878215081
701.317477180949,379.52780269671234,22.641196451711,56.72635658944206
700.9153789922009,378.9422504057223,22.224665506029275,56.6767338482439
701.1109579890589,379.36109563995586,21.833507512313197,57.05161057098897
701.142132522317,379.9267605923695,21.77115844579706,57.131219622608825
701.22098011129,378.4196949333151,21.613463267850957,57.72342825400864
701.0229511871025,379.2125849245346,22.009521116225898,57.3542649865899
700.4879706203637,378.6714858771095,21.86103864113136,57.21801947286823
699.9242381167118,376.9928009097169,21.774681951433916,56.93392431664862
699.8726957716824,379.3929567483237,21.877766641492588,56.96638628802754
700.5309059777495,377.2962298390275,21.771856512826325,56.317798972747546
698.1098685967427,377.8482833566002,21.816743283868377,56.41298893534521
697.6707731001859,377.61707396597365,21.493465158525268,56.875407716598254
698.291971881522,377.73060389143126,21.453366607843872,56.648347865683036
695.619413661189,375.1423210616517,22.005197759256628,55.833306913675436
698.0516148373597,376.4420977961549,21.926848912713737,55.62678019756835
695.412693100736,374.8673440090172,22.43612435634191,55.19986174962938
695.6139815401174,375.2248246192131,23.228633279599126,54.484900529237514
696.3663339884483,375.421156844244,22.922761673668255,54.092236079175734
696.4799397213736,377.43605737019715,22.69555020781767,53.625662760610595
694.819542050898,378.4144706314415,22.485419278667074,52.845811661489144
696.05341159582,378.0051372176249,22.341644894274605,52.502496136396516
695.7400582516983,383.01352839579204,21.81387734476791,52.87598191981358
695.7924399041518,384.79363202932865,21.70911403986094,52.76729818239201
695.2515149440987,383.0662261083772,21.643886244964392,52.78087687928667
694.1336773041055,379.7855479689095,21.587334553267503,52.4655522431723
696.1689666882221,382.9858378538899,20.938436508985713,54.0488941624314
693.8890919701101,380.8203376286494,20.89112936690411,53.772838034607176
692.7520856997595,378.1807103980083,20.871240948502187,53.31734009813118
691.5177119794517,379.3660581959437,21.059891340277638,53.226741551100375
692.0791037388033,381.6346890958048,21.079228555191314,53.2579626858454
692.7812107048903,380.8296587696167,20.817930140120158,53.72510782111876
693.470895052701,380.6201050164928,20.583514157355317,54.14421532736652
693.5694606975285,380.8682955477914,20.386382867700263,54.79459521212999
694.1031465795517,381.78021000917283,20.4715473543861,55.27583879083137
694.7873482727689,381.53629097375494,20.26410951010876,55.76367686166708
695.2522756846212,381.4791887278323,20.498456018555512,55.87788135351237
695.1372108875115,381.36573461077353,20.728585612774776,56.104789587629995
693.9164092039721,382.2821742621639,20.81523978813069,56.62685947657244
695.0940201533564,381.5772838725721,20.83304521519819,56.85012659283803
694.3759399620864,382.42214620672814,21.079174502277493,57.54046411544711
695.7366640975881,382.14662610279885,21.97080037828942,56.887146274300534
697.0206401906675,382.90752411625164,23.035973719579776,56.57639208987806
698.3931757344769,383.3251230172615,23.967722318051827,58.19240741191899
698.2772885226046,382.1445283228911,24.19949674179643,59.288111930716724
698.7148685958545,382.55568863375737,24.6097443386303,61.036606795651224
699.2545560401946,382.614329758654,24.848280081738196,62.23723517764644
699.1571233925516,381.21460071281604,25.043145377024253,63.69723977979116
698.4920354057434,380.23101907246576,25.009381696800286,64.30046340665136
698.6136926003638,380.4336267693169,24.766067307559535,65.2672532795982
699.8368818698218,378.2074433888677,25.08272338116434,65.57506812171536
699.013880863471,378.79840920267577,25.337101186675127,64.39313649409931
700.1882425103339,379.584277956815,25.74678792805487,64.20060400337356
700.8273927477743,378.86812823617845,25.852242106843995,64.24914879097673
700.2576556777516,382.14137766900626,25.60538133369718,64.63432449128203
698.4433219235481,380.60467052609147,26.45910628634903,63.54532494347902
698.1156677782095,381.15907622432417,27.114414577026025,62.43651354701366
698.5226857600252,381.7220001737107,27.682931659584703,61.31066564824064
698.0929700687786,382.9082589676677,27.16612976273164,60.31438133967283
699.9161252928465,381.81862761595494,26.225207957642343,59.78825540005192
700.2007434901401,380.8224059875802,25.655971563055065,59.12367459044244
699.739215691972,378.83410441023324,25.27018035904132,57.86489054373625
700.9990114291953,379.7476821542205,25.318210882966273,57.32154605494745
702.4843721872293,380.64358017298485,24.90105606744512,56.806533367692154
704.0488806047408,379.972576115334,24.295980578613328,56.88657080989825
703.8716089334152,379.29086635262473,23.398078114457718,56.99754452851
706.549044757317,379.5283385160217,22.99569576681974,56.522600201716116
708.3204626270406,380.49751400992955,23.125202193608242,55.80836326931218
709.4992746258042,380.00292894307955,23.199812693353955,55.58141615437553
708.3350087072894,381.309576015167,23.100012380118706,55.39645416046578
710.9177521373557,380.2319673551499,22.773423943030927,55.132222268977586
710.5158880860736,381.68366684966094,22.377040785905287,54.62904579933502
711.9300404083722,382.31625171650103,21.920347734317282,54.54968186215949
712.8775419110974,380.4831820825879,22.37839724895047,54.68624234986048
713.5814323891703,382.24026816136876,22.157270902644804,54.73203402181933
718.0590407365406,379.05878324627315,22.66906989432893,55.17811904799509
718.4570681345555,378.75912023093133,23.0719332516966,55.77744507867878
724.0062334020492,391.72595109116276,22.90612572030675,56.56772847812143
722.9123967247209,391.57587468170374,22.647461597381703,58.09105003583049
722.4327810304783,391.1950346720786,22.366227305338562,60.093195735609214
720.6193794591721,388.493276820677,22.200613819553883,62.96843368614784
719.884858969625,382.27067307989876,22.367390392599003,66.2977903253608
719.0740281355492,383.11609563375123,22.636274681787196,68.66527735454622
718.2359112116535,381.81239894560446,22.921117932804663,71.27267073083979
718.5301086175795,379.3238424074628,23.766399696097686,71.94875408168824
719.7373715168877,380.7742399252971,24.269471337527847,73.4243552060897
719.5972729776166,376.2410474569631,24.549668416070084,75.04572059735808
720.2535082410483,378.3560976748307,24.75439455385001,75.36721015555253
719.2692980221916,378.55022761529784,25.197293056297433,76.50447220988417
721.4941989157336,379.7605465718155,25.396930060244745,77.18346015753649
720.5413722927145,379.330875038294,25.73945530232369,78.04280322457956
722.0868795816314,381.1929581229429,25.81169417137786,77.48189050216972
721.3327767644805,382.71598074758003,25.74493033906875,79.16075365272809
721.2376376426047,383.80332474481594,25.935208582820362,78.58368695943804
721.137300622733,382.82416266775624,26.1358826225637,78.94910462040679
721.1551724843698,384.25886266237853,26.100138899290116,79.28326540029005
721.7975584699826,383.41242911920585,26.421245417482787,79.37025399721725
723.2972574014849,382.50334198964464,26.647841238495317,77.96243457232251
722.4957164811841,381.6685684240891,26.653835633541533,78.03489425787814
723.0012232294761,381.3675406183217,27.241051586198243,77.03872042017238
722.2800646318656,378.89192194121057,27.08866624741573,77.20585017238378
722.2191264758186,380.0648155627777,27.210542559509626,76.45438395667618
724.1552993111906,380.0167623446217,26.509801641061514,78.13629276913619
723.2785359320194,381.3386731796618,26.666282221159513,80.28360963378924
723.0656049975751,381.52703097990764,27.092144090048013,81.53737245897526
721.9256760609352,382.5215666637464,27.715888389686512,82.86052823858014
722.4696418366418,385.59028214617297,28.314313751119837,83.46852492511357
721.4291265436245,382.44289566478045,28.689395165732645,82.93950120221062
722.0514347682448,380.6224705690645,29.150025277109172,81.46461171179145
721.1312680186762,381.80825258505547,29.297801118859326,79.09304767980953
722.9161669540475,382.87899109807023,29.050604196465407,78.61287112795439
723.5629058295531,384.63822207244,29.407090275920396,76.74437300968086
722.9372559073391,384.7074315257574,29.028797656762308,76.60595410304612
726.5680009584969,387.25050579173575,28.250542212251162,78.00304022889392
726.0024124276622,387.71833302098105,27.754939539290245,78.6941655050338
727.7117149951554,388.00005927091473,27.591679284273717,79.75838544515132
723.3620750144231,387.71257625788377,28.09150536045147,80.33335147121326
723.3684795235836,385.68428049414024,28.07869634213062,81.07556828358443
724.9938543011342,385.3108354054476,28.163034301876003,81.82245846096966
723.9799901797517,386.91222927081515,28.511031767207264,83.65886306253616
722.3600491454255,387.70040322661816,28.326411854469782,85.50701713231997
724.7381095745955,388.5442694670406,28.775862236496515,87.2896654783863
722.7298805849067,387.90154563472265,29.25475840913292,88.5751131430221
721.5415628520994,386.6017345548132,29.83555527615487,89.3788967042484
724.1927249997291,388.99547861452135,29.98695410850452,90.0451317124412
723.1520168283286,387.61695343772647,30.238210990732373,90.97202260545785
721.8241655656715,387.8799274971845,31.045965944730618,90.44607448654173
719.6199801611942,387.6312825590821,31.743915697040435,89.0881538344242
724.2645448932768,387.70392526825634,31.69738447506464,88.94286841607574
723.05661600925,389.69647466712195,32.267642202781495,88.6489696990184
726.6298168965739,388.3366479517675,32.528137763516526,87.66517446203586
724.8204956715413,386.41723272362754,32.462089591444304,87.81931429617842
721.5101287982185,387.088161453647,33.55273900892622,86.47745683613944
724.6726825451975,386.1769158218212,32.75882181734188,86.45621799899983
721.8057756839937,386.2181396369221,33.005121981673106,84.54459918277243
725.6709918101533,386.6336991510572,32.49927352510506,85.51962610344
727.4272241933057,387.85795889113183,32.60894791855831,86.69324578304884
724.6025325274593,387.3975410844898,32.768710667908444,85.78420786888532
726.6574926874865,388.1785971298487,32.29820557263245,86.0418033905568
706.2190167246222,397.0179884059914,31.43153184430839,86.51242329655518
705.844366186909,395.9033970731094,30.374793877073664,86.9355669196581
706.0777803923218,396.1395253775465,29.9079654662482,86.46331031078387
706.1571778624832,396.4926307280706,29.749170525925372,85.75709960973558
705.5212273012949,396.85642180495097,29.256344933383545,85.02951745597485
705.7777655673032,396.38991112116867,28.743268401366898,84.21716262868307
705.9730497135702,396.39643710433756,28.352700108833098,84.20411066234537
705.0852008280167,397.70613755254954,28.411270868119686,83.30183677774158
706.0984070977308,394.8760404379846,28.09020180803016,82.14065708951728
704.6730517462407,400.38883353632514,27.575034000437043,82.8956456798428
703.9653991753493,399.9190977817748,27.306059487897222,85.51939684326621
703.8401576351308,398.1618196160751,27.55654256833412,85.60068215040255
704.8211892487476,395.86022090176425,27.316876107856604,85.036689278756
705.504701808201,399.65470814233703,27.65983120840027,84.28763567541195
705.3674030441025,395.9572155275801,27.93442873659739,83.15445540420411
704.2431363577773,392.8351874134043,28.48842508573256,82.62036353849513
703.2597959808925,394.2262379362378,28.75807030002005,81.53529803231022
702.1101590728298,395.31308119707086,29.37088741909153,79.36161151064411
700.2172789547311,395.02397627714794,29.82371703630499,78.27335604099801
700.1987526134831,395.67141275045003,29.860769718801073,78.63750180014122
700.227502211433,397.17211343563054,29.803270522901034,78.96591844877838
699.996304320202,395.7268884943918,30.26566630536329,76.85061295224251
699.0611815810928,395.3547558839216,30.489405725850524,75.94837211545183
701.6944856648605,394.6425840594019,30.135359075818833,75.73519525865676
700.2643251904943,396.18682729258757,29.739416934361454,77.53110342756987
697.0821527276214,396.64279765282913,29.516353481841012,78.26601480165328
697.2057490830606,404.740797604946,29.269160770962543,80.25726430730609
698.2820349923346,401.1577940857851,28.794038273306114,82.39092338295325
697.5836907028963,403.0169340853794,28.491402665678017,82.07129175677417
695.0417518342356,403.59155199974055,28.50750430084547,80.92205592805175
695.1966667602595,397.68798392513173,28.197674448797702,79.34399088610287
694.3920625225264,401.4771903466267,28.161893925611835,78.34553403772082
693.0474481029077,405.9327798735354,27.590978569802544,79.21478756904428
693.9872946216312,404.0898966394889,27.34340906008623,78.00418345394402
693.8963643905323,403.4502666232937,27.525269522284034,77.67309759299326
694.8559305978946,404.63283125638634,27.21505848735587,76.91688970660435
694.7940906730704,405.28254038947307,27.33873833700434,75.61747144043096
694.6795847380054,406.7597515106153,27.5677502071345,75.81537434184764
695.4598776765927,406.47708434194544,27.590300717511,76.38070867918732
694.5105322329031,410.6363574235325,27.897361440133427,76.0203133397963
694.3661670167446,411.2306513234496,28.186091872450447,76.42375171398587
693.4863648618011,413.4435619108619,28.34268105730404,76.80697591426167
693.3914015497068,414.9868142720824,28.53260768149257,78.55445715645939
692.4528675239811,416.98950888248254,28.769906094752038,79.46837685023499
693.4125629457293,416.8035962713403,28.50764987102255,79.84020207251949
693.5185940114998,417.22838767484836,28.29558773948163,80.64831927465144
692.7155026607783,415.77011940238606,28.236378118005486,80.23407117373765
693.6125442420553,419.11123647312553,28.100697889329687,78.52704583389384
693.043137553597,412.8627837293606,27.60795352034245,79.60304710009622
691.5878187544125,419.83301261817076,27.24264834313852,78.76636042476636
690.8263658922615,421.9057540924936,27.14616654441646,77.85965252216936
689.3783383861158,424.3986090039907,26.83282719604063,77.68803424017591
689.4357029024832,424.65232580567806,26.718098163305896,77.18060063680112
688.64803689131,427.39708782573825,26.706209569374515,76.45273844551451
689.468853558921,432.1906035222046,26.64119638842306,77.90204813247519
687.808300812043,433.85001005048395,26.770090633680184,79.37155194866503
689.500428336956,436.49674050658246,26.62462336288445,80.5556665945289
688.2461924309086,436.9648978090857,27.49950918500403,81.25293797949756
687.2867150076221,437.39714314614525,27.758951970501503,82.04795936645387
686.5252497536846,441.7837766533759,27.606308674633322,83.32813517445186
686.3080120046568,445.88187045740835,28.04078417268886,85.2779819209548
684.3713116977356,443.8533317448795,28.46078567101955,85.88166023050059
685.1512766290097,447.56085676881753,28.643836788287462,85.43853410188862
685.2248193054257,449.46511193104095,28.496751435455387,85.11007192871219
686.2465990817268,453.73189954066294,28.18585063250817,85.23979045774357
685.3579426216775,452.62595255451055,28.234348984009205,83.9940552928529
686.2595901205186,456.7395953375874,28.143027155897357,84.32663557455237
683.658619793812,456.9924205411429,28.19985478637598,83.82098516744139
684.3858603660237,459.4208810843736,28.454252110530938,82.38182101813697
684.3125307169297,461.42581264325617,28.600911408718897,81.75798088454358
684.2867432056719,464.75681683963774,28.652486431234514,81.84309277480563
685.9182921590117,464.6991634989674,28.76725323324778,81.9583994561464
683.5862889623022,466.3719327418577,30.04593160562916,78.6128609703658
683.3202526974784,468.61884385214927,30.578004135276732,77.45480439343648
681.6214040735034,470.66695678783003,30.65413889689572,78.34092225157143
681.275826515077,473.643568136245,31.345294013748507,79.08723599892897
682.3350655277409,474.9907707786728,30.924795620993198,81.48676961178977
680.623843367596,476.84611320236286,30.8974170989297,81.2259076067628
678.3743910943022,478.54026869645054,30.234290682404122,82.99962758170068
677.6999172560384,479.0474875576946,29.84910369660779,83.71932452153669
676.0438920317899,481.14220095051223,29.686253633844473,84.74224850279143
677.1396629116522,482.7017913349474,29.24381358654761,86.87037287120374
