142.5,97.5,21.0,49.0
142.52596387947187,99.44415132994409,21.02816220637796,48.43205720139869
142.62506586524182,99.71496739604453,20.829958234838042,47.89042506919782
142.62456045018442,99.82986309782083,20.830969064952868,47.66063366564519
142.62383956235163,99.41302092873832,20.832410840618405,47.43660091808603
142.58968733695045,99.45801844320327,20.900715291420802,47.346605889156145
143.12745952732882,99.46604445060733,20.879566075606178,47.33055387434802
142.60510816838516,99.53668856881723,20.87047872850253,47.18926563792824
143.07869624202635,99.63217917953138,20.97488428755394,46.99828441649993
142.54569818301314,99.66330897347574,20.9902320608193,46.93602482861121
143.09118176910115,100.20601720028674,20.949279616158332,46.90062310250422
142.6084741251448,99.72006208777647,20.865913693409382,46.82375211686312
142.60878419906442,99.1534942332622,20.865293545570147,46.91068758671987
142.60474753884606,100.22420645228316,20.87336686600685,46.86416405662763
142.62544883118568,100.25997420050174,20.83196428132761,46.792628560190465
142.64696438343853,100.27433833582974,20.78893317682192,46.76390028953446
142.63263510174303,100.39837724595674,20.81759174021289,46.51582246928045
143.15896763007987,99.77700948601675,20.805809489109137,46.717675183590494
143.17920846398383,99.86483295849645,20.765327821301263,46.5420282386311
142.64462701831445,101.10127350528536,20.794146310249612,46.14983594983397
143.1896481527571,100.51992272093942,20.73926241474185,46.27737914514839
142.65678869909192,99.89078730648406,20.76893540967174,46.499604061658694
143.19733996977686,100.37459065073689,20.727625144194995,46.57178964904614
142.62680223302638,99.7979396836684,20.828587423341148,46.68497838882831
142.63977477175104,99.70143760450806,20.80264234589186,46.877982547149
142.66540603950224,99.66475554768442,20.751379810389448,46.95134666079628
142.71945465251792,99.07865472492472,20.643282584358058,47.077512699540215
142.6827541860623,100.12615996437228,20.71668351726933,47.0744227315234
142.69526969640103,99.52342029174733,20.69165249659189,47.23269332924201
143.25541770740261,100.1188973508142,20.62041771775249,47.09080045427204
143.28714803507023,100.09783227406896,20.556957062417286,47.13293060776253
143.27167809599226,99.54789891909083,20.587896940573195,47.18755616872962
142.69323851058132,99.45122203282384,20.698198077228344,47.380909941263624
142.70661610935127,100.0642388048196,20.67144287968847,47.20620030399405
142.14993824262427,99.48433049734636,20.736477444648823,47.31769575044685
142.14903555309888,100.06424353148773,20.738282823699606,47.20895259923516
142.1501989549321,98.9388439285913,20.73595602003315,47.36067384016137
142.7085854102088,98.90846294633097,20.670879535533924,47.421435804682034
142.71341511633602,98.87038262339158,20.66122012327947,47.497596450560835
142.71331510720466,98.78054854830125,20.66142014154217,47.67726460074147
143.24704981313604,99.31320195733866,20.648917444560475,47.666924497547704
142.69591883621132,99.36624321864682,20.696583090255018,47.56084197493141
143.20391436062212,99.35790930956048,20.734493558302987,47.57750979310408
142.6838497689592,99.88353945722287,20.719811066567292,47.581061172840876
143.15799170986185,99.33566379289445,20.826131297354635,47.62220838890496
143.1891302005117,98.80958699452428,20.76385431605496,47.61728685042042
143.17025502263294,99.41150786287335,20.80160467181244,47.46935077320896
142.58428498227633,99.39617131903721,20.91911658618399,47.50002386088125
142.6008751795501,98.89044950873352,20.88593619163647,47.45452433996136
142.5436381403233,99.28278302282877,21.000410270090043,47.72555653787837
142.53255062822484,98.73803248871522,21.022585294286934,47.753413648790804
142.5391700283091,99.31852316976367,21.00934649411844,47.65487060664645
142.54176452772646,98.83906640939591,21.0041574952837,47.55300734908904
142.0574218275789,99.36449896424966,20.913634172782793,47.561350962177535
143.08958164782683,98.70660182339387,20.964785390051524,47.81940981500683
143.1177198155282,99.79420588526018,20.90850905464881,47.76895439300921
143.07208238784602,99.33706302021645,20.99978391001315,47.622586749026254
143.04421377087024,98.76492172009898,21.05552114396471,47.70672895201188
142.50720772060095,99.86337699324794,21.067191615734394,47.63450166325183
142.53432947138745,99.24301047463165,21.012948114161386,47.813734765779095
142.54389078718518,99.19563709634353,20.99382548256589,47.908481522355316
142.53241568317233,99.82111484912076,21.016775690591608,47.721704792560814
142.0253900416119,99.29332013809824,20.968950581767245,47.715417822660584
143.08139729783574,98.69914266011435,20.978821668912467,47.8428299788319
142.55022911544944,98.71976346382718,20.97819495447801,47.801588371406254
141.99662803800018,99.88593782793815,21.02304267997865,47.593948501980066
143.04557937288965,99.31804010623132,21.0454095461649,47.66960917741114
143.1080968609384,98.76081565934935,20.92037457006742,47.72243261006653
143.09289123939337,99.95981806071123,20.950785813157456,47.44480475769403
143.1558311578837,99.9511609751873,20.82490597617676,47.46211892874186
142.61562958384903,99.30469908438374,20.850575090037623,47.700308676140516
142.67062390118315,98.68347207365994,20.74058645536938,47.88412517587845
142.68162594041675,99.18246955819674,20.718582376902198,47.94548919174011
142.2067711474041,98.66312780580232,20.608433226087243,47.92431395968873
143.24464913441898,99.24747949109457,20.647890117280085,47.81321702171553
143.19990519499322,98.71926123867549,20.73737799613162,47.81295774470175
143.19037782488982,100.41860951046897,20.756432736338414,47.58907727796581
142.6384726869151,99.71819450873497,20.804876836743045,47.93454110588897
142.63036842678548,99.22699341245041,20.821085357002307,47.855719583288554
142.09761162292222,98.65386329453895,20.826230587168517,47.94161144155122
142.57670811207294,99.80569492176758,20.929740545692134,47.7613540607441
142.07999476086292,99.29664024744434,20.862249750049244,47.718545911327624
143.10136079959497,99.34707408904357,20.93773278521208,47.617678228129165
143.09186485543688,99.40194254390595,20.956724673528264,47.50794131840441
143.10744376890887,98.90950518805602,20.92556684658427,47.43509580320965
143.13556467671674,100.0216201947019,20.86932503096851,47.323096934525836
142.5978728606995,99.45449911989795,20.891207033524875,47.40383745465567
143.13128089958406,99.86718743550603,20.87944832957251,47.63351819725619
143.13767586582802,99.3683052216812,20.86665839708457,47.57310378552246
143.14474318736444,98.8676111450437,20.85252375401171,47.5174139035191
143.16101468614409,99.96169823933943,20.8199807564524,47.441283665894034
142.6103437335761,99.40043653810385,20.86697733659834,47.50946174337508
142.1122913811542,98.97030318613147,20.806920619616346,47.313567025494066
142.12594570526653,98.97227165504962,20.779611971391642,47.309630087657744
142.1297016310962,98.96010493577141,20.77210011973233,47.33396352621417
142.65238986745703,98.94421913043551,20.77867007971323,47.36573513688597
142.6119701214954,99.50406848884502,20.859509571636465,47.298559018639565
142.55710537234816,100.03774349288766,20.969239069930943,47.28418208929605
142.51255317525258,99.49876181710977,21.0583434641221,47.30744926908774
142.52482435017836,98.8708922022094,21.03380111427057,47.50658738723605
141.99624163046906,99.37508130960843,21.031909064282345,47.55726666184484
143.5351299857176,98.92501925103416,21.133409424285908,47.39763175549316
142.4016222107906,100.14197656487413,21.28196614112885,47.08217596082422
142.40139090004152,99.577957988367,21.282428762627006,47.15295318656299
142.3838107399318,99.04376124510924,21.317589082846467,47.16305077754547
142.35524413556325,100.27102501768874,21.37472229158357,46.82664249897391
142.84570972826003,99.64486226089141,21.44896516731481,47.02379395144377
142.89371432032877,99.08810950800218,21.352955983177303,47.07795889041609
142.8683650557561,99.58046176108935,21.40365451232264,47.15169856792492
142.85964105172934,99.0765860444066,21.421102520376188,47.099045335548716
142.85356786913127,100.22621811266,21.433248885572333,46.91967249141235
142.90999487862555,100.31257026837926,21.320394866583733,46.74696817997385
142.37928986538515,99.71450955380985,21.328740932517757,46.89002564856584
142.889612151662,100.36858882741414,21.363385486398577,46.63715622779174
142.36905468213544,99.73256988002589,21.35227937019619,46.85697306731274
142.92203320347204,100.29824860454202,21.301543825329695,46.78083711608719
142.39052393737103,99.82662015082968,21.311336648543573,46.670868314523744
142.9116586610722,100.38806067250297,21.320866391870258,46.59978646190619
142.3578205637951,99.85599452129908,21.377609632245907,46.61298581013536
142.85419854692404,100.39765159906092,21.436972451036088,46.581790439659756
142.34638038610393,99.25982004190135,21.399904207086138,46.752044422798534
142.84245890786124,99.25680065317499,21.462278125915226,46.758083200251264
142.3596652664848,100.47535230647398,21.372154180276898,46.43240235043582
142.94726719450514,99.88007053701452,21.246347657900056,46.57356855569087
142.43606528884723,100.4726711199577,21.219505380241635,46.43761347877876
142.4448028383796,99.89930152080036,21.20203028117693,46.537552997749685
142.47157710926697,99.30873330746914,21.14848173940217,46.67074353855053
142.94623823809587,99.8758279419381,21.248101430907326,46.58549621877562
142.46426331571234,101.03613772546915,21.162601100750194,46.36377700156198
142.54273149149435,99.9369227805177,21.005664749186195,46.47274826320444
142.56972088881673,99.97065706829709,20.951685954541425,46.40527968764567
143.10525595731977,101.03936364682559,20.922248937489332,46.35113277049666
142.5647143139659,100.4875221935436,20.96300209574633,46.414485548609946
142.53940249009366,100.5034333393445,21.0136257434908,46.38266325700813
142.55650325123094,100.53570153202125,20.97942422121629,46.318126871654634
143.0705932743437,99.9151603829633,20.992098271844952,46.518355072916314
143.0657727892995,99.87916300472982,21.001739241933343,46.590349829383264
143.07982242470507,99.85968830050692,20.973639971122218,46.62929923782906
143.14366009491818,99.91349082849645,20.845964630696027,46.521694181849995
143.09874564875273,100.50844753337434,20.935793523026902,46.373247362251306
142.5655484608439,99.84882504917624,20.961298890559302,46.65160332236224
142.59474189269585,99.24453145557217,20.9029120268554,46.81481219290106
142.59222285159797,100.27120477523114,20.907950109051168,46.85490760620863
142.57826362200032,100.22878170471564,20.935868568246452,46.939753747239614
143.10135216948822,99.67243953573329,20.93880467044872,47.00332488802621
143.05913056121713,100.93934944958778,21.023247886990955,46.569679253458716
143.1125175205944,99.80019563643927,20.91647396823641,46.7574337684323
143.07393049479532,99.2891846894102,20.99364801983458,46.73332885485037
143.0878019857997,100.38973268264039,20.96590503782581,46.626498584882526
143.09413209919128,99.8626043470359,20.953244811042644,46.635660485522195
143.10721109327844,99.95748318267853,20.927086822868297,46.44590281423694
142.5579036208912,100.58398390064666,20.98391059555621,46.23469255038725
143.58241596209606,99.34037029627956,21.014327482131158,46.64247819013683
143.06215387659432,100.42106955565384,21.008674607903338,46.573433761850815
143.1135253878839,100.27476768485734,20.905931585324193,46.866037503443835
143.0936368359084,99.70171956332732,20.945708689275214,46.96461640374353
142.61531451948554,100.34294253356757,20.852706399612163,46.731817385771805
142.6109004217958,100.31159978593102,20.861534594991596,46.794502881044906
142.6118206097034,99.69096042431015,20.85969421917647,46.990082703281985
142.6456560932696,99.00837009457993,20.79202325204401,47.30675983636552
143.11777985678157,98.99162964891305,20.8996789768141,47.34024072769929
142.56830671015115,99.6560851826664,20.944340628663628,47.06561430160385
143.1287423134918,99.66991140687497,20.874557475316923,47.0379618531867
143.14824790586982,100.36051982777121,20.835546290560902,46.70620443480114
143.2238959254673,99.6610471163226,20.68425025136596,47.06118894501347
143.21011966020274,99.04144439956761,20.71180278189508,47.25394878771144
142.66309241552577,99.05079673108492,20.75613289705826,47.235244124676825
143.16374475508454,98.98740283308518,20.80506271654912,47.36203192067629
142.60534110514484,99.17481667100176,20.868936016810103,46.98720424484312
142.58481245420086,99.5597718869941,20.90999331869809,47.26591818149653
143.14336929223518,100.17153501315681,20.846268308120496,47.09578059466218
142.67514623336223,99.59695917670189,20.732914361610455,47.19513220331613
143.22609961368929,100.12471257017185,20.68025171173586,47.18886952715572
143.22791807655918,99.50645245384007,20.676614785996076,47.37716442907879
142.66385969221648,99.63189166044256,20.753842506498444,47.12628601587381
142.6705876136515,99.09365315642489,20.740386663628385,47.154148042425874
143.176796669285,99.62941997770378,20.776750342796113,47.13139619030289
142.62424451638103,99.74802888998394,20.832762143784358,46.894178365742555
142.62786948420901,99.1261734315222,20.825512208128366,47.091250523638635
143.12450698048605,99.08315166803236,20.881606252399543,47.177294050618315
142.57753126059356,99.25118602815579,20.9239537062019,46.84122533037147
142.58959559182614,99.81729558062618,20.899825043736687,46.75648038732961
142.6015104566158,99.23312104385062,20.875995314157393,46.87900910273497
142.5905156202253,99.67046928931872,20.897984986938404,47.05149175157718
143.1121657909006,99.63284343184102,20.904752463858962,47.12674346653256
142.5754076927907,99.83553789858652,20.926990392076615,46.72135453304156
142.06254734183017,98.59926216165768,20.90692307472667,47.10232996835719
142.62449047791594,100.28217401382967,20.833999198500123,46.88939345184827
142.635836170461,99.65892230258429,20.811307813409975,47.08930575476134
143.14748000198327,99.6788476965217,20.837110941656032,47.04945496688652
142.56634120492845,99.79663902725734,20.950421379940572,46.81387230541523
142.59760032895238,99.06412264245705,20.887903131892685,47.23136264220094
143.14606409609218,99.11343276903528,20.843474391870046,47.13274238904447
142.58840910339313,99.94988939966395,20.90849756018563,46.510115944869646
142.64183288028505,99.35553566375557,20.801650006401786,46.656426400927785
142.62233985334865,100.42504587041162,20.840636060274615,46.60269148513152
142.6641842956913,99.79566607626148,20.75694717558926,46.818902657495805
142.70162631144228,99.10739933502134,20.68206314408735,47.15122300200703
142.7480950946888,99.69109262810517,20.589125577594302,47.03154818205344
142.75992181956656,99.02331530135373,20.565472127838813,47.32276311881626
142.64926356032868,99.57983170024694,20.786788646314584,47.25787087980087
142.66073222717043,99.48306565189652,20.763851312631083,47.45140297650169
142.63680362333375,99.45349478464722,20.811708520304407,47.51054471100031
142.58650184816918,99.39929780954373,20.912312070633575,47.61893866120728
142.60552870502502,98.81833253106164,20.874258356921864,47.722322508730855
142.6478089148798,99.41436485772155,20.789697937212328,47.58963184004947
142.13942366143186,98.84738824234344,20.750507607014473,47.66762423371195
143.2060068236026,99.4394842777089,20.73013981465725,47.53983142897314
142.6135331522949,99.51780393598968,20.860897992517195,47.38319211241159
142.6822888492136,99.95505971672344,20.723386598679856,47.562904853632055
142.63466015225526,98.68917918481893,20.818643992596495,47.985857453380206
142.64323964840173,99.25280561689222,20.801485000303572,47.92081428055633
142.67461816246032,98.69638750634077,20.7387279721864,47.97268539865575
142.13108899326855,99.19900519598127,20.765178168097624,48.028058161847056
143.17168375623916,98.1260933384539,20.807742084378393,48.05012843467979
142.62438607079358,99.90572136719025,20.83938972462422,47.679715569143156
142.1181680494377,99.2845690199816,20.79368378270261,47.86387827892714
143.11223490559254,98.79578270205417,20.92555612317112,47.78144788839292
143.11148953422344,99.33465578553543,20.927046865909357,47.764836601678844
142.62113358569908,98.76827149730464,20.846838283568932,47.83668469875133
142.06666227455648,99.40276540734628,20.89523389275802,47.628243891764214
143.13822464034632,98.9151289256209,20.868870386429293,47.54513624258949
143.1341014994559,100.01930428276108,20.87711666821012,47.450209026343046
142.60051896215907,98.86196363079979,20.88880041770728,47.65392768007257
142.65192982122952,99.43676139765964,20.785978699566392,47.56297153620153
142.6960201322926,99.37754386995253,20.697798077440222,47.68140659161574
142.66681075814415,99.34483125573786,20.756216825737127,47.74683182004508
142.63674302998692,98.93591173317381,20.816352282051557,47.50702383715923
142.60894164944133,99.5186645105232,20.871955043142748,47.39675223277227
142.62765267939216,100.0043892924643,20.834532983241097,47.47991827100964
142.64530512114834,98.83857238259216,20.799228099728712,47.701228879270175
142.6196207877829,99.46884482039825,20.85059676645959,47.49842937470546
142.66298857875768,99.35954241095617,20.763861184510088,47.71703419358962
142.69297865136244,98.78901979491908,20.703881039300526,47.80072902552354
142.64591657135986,99.36102209269774,20.798005199305713,47.71422811547866
142.09785449340188,98.75819204603357,20.836217277071164,47.86197613065647
143.19803400147885,99.30779417000977,20.757310149898498,47.823497827194714
142.64463340098663,98.71564406341925,20.80533492249331,47.94902161198612
142.16788147965678,99.30143702756128,20.697397305265323,47.83887714358978
143.2260939779867,98.89956267364232,20.696855207026193,47.584684402217334
142.681388283426,99.74714566696818,20.732015005589272,46.94377000612393
142.21731590583124,99.19948706459155,20.614574922630137,46.993502372728486
142.79734240097818,100.18409390466344,20.498758946185415,47.11276272028306
142.23766203511497,99.14813593665903,20.574197225269444,47.09683375100714
142.82671623168616,99.5836257509134,20.441111147788998,47.2708764381603
142.30852190217243,99.04455812859038,20.43230565111971,47.30381752710961
142.36995404895518,99.53015894205464,20.309441357554192,47.37813135770034
142.9342445644636,98.41126568692891,20.22528005777078,47.52707840548503
142.39223708274008,98.45018187817632,20.264209918646074,47.449246022990195
142.39731624980638,98.30739128871332,20.254051584513515,47.73482720191619
142.89676519157175,98.83509227048269,20.303751414945037,47.72802295233972
142.85598115717772,98.32592143299061,20.385319483733124,47.69698551702292
142.84985944803694,99.6148291498458,20.397562902014688,47.219916987935235
142.21882570400209,98.73518976626609,20.61594287459863,46.89182072412313
142.77891039988998,98.71173250832155,20.538561076787015,46.938735240012214
142.19166202443583,98.91117418889574,20.6709541426728,46.53985187886382
142.1839704141955,100.14922114873926,20.68633736315347,46.141064188194875
143.18659053255163,99.21685442204094,20.747372285055732,45.939522482976955
142.61537733077773,99.42332586732851,20.858515327002557,45.526579592401816
142.66018131593097,100.40479942607585,20.76890735669609,45.61809641974082
142.68274643969008,100.00291926515376,20.72377710917791,45.394864866121836
142.19389946399744,99.57145167728487,20.678514381127016,45.2348433624235
142.24424863992758,99.36300245139185,20.57781602926672,45.651741814209544
141.74527488904405,100.43172684015622,20.551635383152064,45.56254933244418
142.70362774054382,99.87321275192014,20.679676543877008,45.657204077054104
142.70969238870222,99.28828383434598,20.667547247560222,45.80106678168947
142.22362498038004,100.23162192527421,20.61181042502882,45.97013387818455
142.24283607455308,99.01524329849829,20.573388236682742,46.34419652392456
142.39765654776065,98.92308236772728,20.26374729026757,46.52851838546658
142.37706851625381,98.84980770008167,20.30492335328126,46.67506772075778
142.46635710690856,98.67233979656736,20.126346171971736,47.03000352778642
141.89954558148307,99.81422060389137,20.223822513841007,46.818535331101856
141.86620557377154,98.65570623912133,20.290502529264046,47.065944829929414
142.44549940525968,98.64345412455953,20.171482960435704,47.09044905905301
141.92278721647574,99.84552028101213,20.179088187926343,46.76195504630226
141.86566043476475,98.66742444044239,20.293341751348375,47.0517454890132
142.48889528874926,98.64777795533958,20.086284799931548,47.09103845921882
141.9054250893768,99.89973071671653,20.21690438164397,46.65977457052993
142.35102754095,98.75695618546325,20.358088806416497,46.880544977198625
141.8219349506216,99.91327999684395,20.378196324519386,46.644052679545176
143.37511959441574,99.49629962326698,20.376848980511472,46.443006112172334
142.78100848862104,99.53112735825638,20.533000438242027,46.37335064219351
142.18497004694117,99.64602649936744,20.691266264247282,46.1435523599714
142.21700876758135,99.63200974989874,20.627188822966982,46.1715858589088
142.27568033640426,99.65025647134249,20.509845685321096,46.135092416021294
142.7852386138925,99.5293817414711,20.520677413963917,46.37684187576409
142.3042110899247,100.11950082706718,20.449087674979523,46.230248491491885
142.32154523109403,99.00621914459946,20.41441939264084,46.39629358052102
142.9105343393479,98.90691722955376,20.268496914349967,46.594897410612425
142.39852172520216,99.5671273454871,20.260161663357493,46.30683765802966
142.9405725121806,99.5876767516415,20.204101194668347,46.26573884572085
142.92964954142977,99.02598133584571,20.225947136170007,46.36267238089405
142.3506260636369,99.72840202481211,20.355747464152852,45.986077630564196
141.82905805889712,99.14896714398428,20.37380766757887,46.11987158616634
142.8845637929513,99.52236546727484,20.317463402878023,46.400408541288975
142.34290089989872,100.27868938344676,20.370382307157904,45.91816759077046
142.42071331894294,99.72969236287345,20.21475746906946,45.99181306910376
142.39070347004335,99.23941803476177,20.27477716686867,45.94968550165719
141.93915819908597,99.722830902308,20.154744968509018,46.005982506839096
142.968512789253,98.57767105325927,20.139683808402488,46.25265418470904
142.47231225321244,99.50473828441606,20.10695325723078,46.44878296890113
142.50545461839565,98.91182332276784,20.040668526864373,46.60721911100227
142.56823464762098,98.78019491236988,19.915108468413656,46.87047593179822
142.56924262709623,99.28341679876517,19.91309250946319,46.89413476108158
142.5727762911165,99.27853926104136,19.90602518142265,46.90388983652921
142.56647631863586,99.84037600346402,19.918625126383937,46.81064118110607
143.04903895804327,98.72182085830151,19.982799649245955,46.989151868077336
142.4672402122951,98.9180829833822,20.113380706969277,46.59662761791594
142.46860626290183,98.72712116242275,20.110648605755816,46.978551259834866
141.9319420336417,99.83472970157356,20.148852150957225,46.83358400817103
142.31607669451674,98.85093097849334,20.414285826853497,46.73377545903881
141.8208848561975,99.97186929213277,20.367726112217,46.56578561430989
142.2814883873324,98.92108719518434,20.48020793888271,46.5999720303357
142.22766962007287,100.05398332962503,20.58784547340172,46.40651301037434
142.23347708238123,99.61546772809884,20.57623054878504,46.248287119874334
142.352726449049,99.41955649940653,20.337731815449494,46.640109577258954
142.38662394164396,99.34398922649184,20.269936830259567,46.79124412308831
142.31817077317191,99.00057760417536,20.40684316720364,46.44283855571024
142.86498964886792,99.0042229992114,20.345802253773755,46.435547765638184
142.24195916778265,99.21729270934861,20.56044769883935,46.00940834536374
142.7189369631838,99.19072254119644,20.63550677490827,46.06254868166809
142.19876253930724,98.74768864475524,20.644750691509604,45.91751154339867
142.71900416896443,100.25204022221578,20.633429502013172,45.99629459793132
142.19640233221165,99.26064993875968,20.648526350972116,45.91886151575043
142.75019232329274,98.78548183667266,20.57019434488693,45.83994974384747
142.2293597972042,99.12811965592275,20.585132778153376,46.18140072425797
142.7676809097052,98.47896672713985,20.54043464804014,46.44776248693497
142.78520027544963,99.72438554765839,20.505395916551315,46.02696657190975
142.28075231322396,99.85159693578876,20.485990288147097,45.772543795649014
141.72262914718894,99.27958070253027,20.57796778859379,45.89230743054269
142.69914719361302,99.77809957305773,20.680177967993014,45.922892825611456
142.27479353486223,99.77117614315569,20.499022977013887,45.93673968541553
142.22266057464202,98.8048543868326,20.60328889745429,45.815622231213084
142.18699012159746,99.93491548592242,20.674629803543453,45.60940955003597
142.23834529777628,99.35232654418685,20.571919451185828,45.74937509370185
142.21937229271055,100.45259739586666,20.609865461317245,45.59971762643864
142.19932900687982,100.12633540646226,20.649952032978714,45.22830637576831
142.14623833935005,100.51559329552688,20.756133368038256,45.46903271777201
142.1551705616101,99.92063750169058,20.738268923518135,45.634342621032765
142.14640260941894,99.50160558045067,20.755804827900455,45.44571573414565
142.12751441877236,100.00583065663818,20.79358120919361,45.46152261069584
142.16916716844761,99.47156412076455,20.710275709843117,45.50490697850002
141.6358096637902,99.93914655056693,20.75267151579846,45.59406132225474
143.18248348463192,98.89962812767979,20.738397810052323,45.62038221073748
142.1361869369278,100.0750711204647,20.778010595476168,45.32247653515205
142.2028649792124,98.93607429388238,20.64465451090699,45.55476108555617
141.75233470735222,99.23997276871705,20.521822386230284,45.97085680428395
142.73084452533357,99.20149907921532,20.62035537521811,46.04780418328742
142.2178916511504,99.28200257142757,20.615636413698574,45.88679719886292
142.22269712386017,98.89376080724334,20.606025468279036,45.635075869736845
142.23514889074033,99.85003281263899,20.581121934518734,45.77129450967078
142.159372345493,98.84872511555056,20.732675025013336,45.722066017543604
142.18711116099985,99.41738638809544,20.67719739399966,45.612610526362374
142.14496844614953,100.46179442030382,20.761482823700327,45.57440222006652
142.11790892155608,100.10410817159665,20.8156018728872,45.26354794037335
142.14176551397426,99.18544277128453,20.76788868805085,45.05556686704575
142.1615031565644,100.51496242373526,20.72841340287057,45.45291540854111
142.149168841252,99.32083691881886,20.753082033495414,45.79340318113467
142.2020108603143,99.14860289898313,20.6473979953708,46.13787122080611
142.2525926576906,98.51566295554345,20.546234400618175,46.3713440893718
142.18496343120336,99.48355984798032,20.681492853592683,46.50358003492798
142.13625649779968,99.146998367398,20.778906720400023,46.13839060507085
142.14310820164937,99.18338890923648,20.765203312700613,46.065609521393895
142.20610060291386,98.65828269608492,20.639218510171638,46.08239466312202
142.1926354532727,99.69037821562588,20.666148809453993,46.08111998046776
142.22417349523602,99.67907021606422,20.603072725527337,46.103735979591114
142.1942733601499,99.68336149867392,20.662872995699566,46.09515341437172
142.21343322477784,99.71056130592633,20.624553266443698,46.04075379986687
142.18718379625432,99.48773455069397,20.677052123490718,46.48640731033161
142.08786891626272,98.43250721932009,20.87568188347393,46.520891597086504
142.1586758799433,100.01141012965408,20.734067956112774,46.48901688505112
142.1064627398678,100.19074147462742,20.83849423626378,46.13035419510444
142.0793486335824,100.30156198721853,20.89272244883454,45.90871316992221
142.56630197490986,99.1939570000817,20.95220128730068,46.05715210195385
142.0665986689625,99.78998051898971,20.91502265325035,45.90169031008287
142.05573301445474,99.66843639909581,20.936753962265865,46.14477854987066
142.03110643912154,99.16803609831493,20.98600711293225,46.10799169440168
142.05254467215383,100.31731625882497,20.943130646867687,45.88526473798721
142.53949844077079,99.13803152625542,21.003151469481658,46.17597748343059
142.5550188099989,100.26352918209521,20.972110731025452,46.00339244729154
142.60007261766728,99.71251432852637,20.882003115688665,46.06926908481
142.64731550350749,99.23630987646635,20.78751734400828,45.98614782881433
142.1713625074691,99.289790898345,20.706758299603848,45.87918578505701
142.21225671397104,99.12802255084011,20.62496988659997,46.20272248006679
142.7707669984972,98.98527201420112,20.540903160319548,46.4882235533448
142.81258493100412,99.99665723652932,20.457267295305687,46.53668458907603
142.8430165672052,99.29266739529939,20.39640402290351,46.909819004113146
142.35875992787584,98.70049984374616,20.325739633298145,47.05497643895547
141.7742430821769,99.71707259262332,20.45474157713999,47.101894436313216
142.31087065529755,99.206757433226,20.424474809565073,47.07953637644147
142.2693731936494,99.15652290520131,20.507469732861388,47.18000543249086
142.85140430247088,100.21477474732741,20.388457404589683,47.15360152698119
142.29152060343813,99.1144542080542,20.465657959067997,47.269108918353176
142.8293630401546,99.04895097821975,20.43557506597821,47.40011537802207
142.30919525058584,99.12323327598445,20.428943742074296,47.25155078249267
142.83826660546623,98.9901471547765,20.415500596535228,47.517723024908584
142.30385553064255,99.11469560126787,20.43600877530992,47.268626131925814
142.2951177906938,99.53010105409888,20.453484255207425,47.48288671003546
142.84278905953303,98.4454863757493,20.406622823505206,47.55515385478216
142.32548407363032,98.33985731945836,20.392534213270682,47.76641196736402
141.78020083329517,99.35867067149297,20.43159558021759,47.83179549074158
142.85141482069133,98.91162208654379,20.395450851336644,47.67275103768426
142.78628038110776,98.2767555776613,20.5257197305038,47.892281930049066
142.28135038520057,99.80919181220818,20.479898738413702,47.99445241266874
142.7794955289284,99.30546289693228,20.539956787654546,47.945561906524006
142.16578403834282,98.37486270078824,20.710676356081372,47.69335547332342
142.21609695131642,98.79242706306917,20.61005053013419,47.91429581457447
142.7202261440502,98.72852115723346,20.659282202645652,48.042107626245894
142.1484438968586,99.46972671158844,20.74263731142755,47.619905903137315
142.1371150488057,98.77686787795645,20.76529500753331,47.95005422006773
142.7084602061842,99.2640765458861,20.683354317586442,48.036386509018556
142.06354720492772,98.8235573302159,20.912628360100676,47.85687298036017
142.62087467665495,98.8627296769236,20.859973097430327,47.77852828694479
142.03089131010552,99.39699777093367,20.980003514884658,47.769928414569236
142.58425937459901,98.80245254691054,20.935194892583255,47.89709135592986
142.03637345127498,98.17964481045652,20.967986550908478,48.07972664051505
142.08248444281955,99.32243770682216,20.87576456781931,47.92654877731937
142.60909916042408,98.80338200326933,20.884893892891345,47.9023014241439
142.00210235311607,99.90563014149865,21.036718895365567,47.822142371968766
142.00986117783322,98.7338660610047,21.021201245931337,48.03830369239307
141.98346009064048,98.7485134918127,21.07400342031678,48.00900883077709
141.9604367725902,98.17221184398336,21.120050056417288,48.09456370325063
142.0245349181546,99.25902815692716,20.991853765288553,48.05913026167224
142.03068048924433,98.6034134680585,20.979562623109054,48.304033106982686
142.0014088347668,98.03365682177466,21.03810593206411,48.37388983795196
142.0021454475209,98.00828436684725,21.03663270655594,48.42463474780676
142.0409238458124,97.9464981258867,20.959075909972967,48.54820722972785
142.02114668963264,98.4966938446287,20.998630222332423,48.520645438143426
142.0363029206772,98.5269996581431,20.968317760243366,48.46003381111462
142.01799778809496,99.18208677943517,21.00492802540781,48.22157615869783
142.01896062229739,98.50617491167668,21.00300235700298,48.504489870052666
142.60084014732288,99.09374218327012,20.91221582102471,48.40232784093849
142.04616520964342,98.64328748143434,20.951675057055198,48.23334660528162
142.00593145483683,98.69579163945313,21.032142566668387,48.128338289244034
142.02673468194195,98.08281826095897,20.99053611245813,48.28624556744702
142.0044088456935,99.16953299731199,21.035187784955014,48.25200136609071
142.4631409673751,98.1365557911771,21.187607974081647,48.17818691338087
141.93991072837804,98.20169857803947,21.16256671127829,48.04790133965612
141.9674196629777,98.75131693249452,21.107548842078963,48.01783693440882
141.95039275645357,98.24640590103456,21.14160265512727,47.95989158890079
141.96775167598014,99.37602069612846,21.106884816074086,47.835716746847055
141.93408676126074,98.7874062789736,21.174214645512933,47.94782962803541
141.91459878238976,98.32657574898448,21.213190603254894,47.80156392198885
141.90823668198843,99.00315183005482,21.22591480405754,47.51490362982878
142.43666860106882,98.53497364436242,21.231608168913123,47.38870279819717
142.43699832611603,98.71798959016166,21.23094871881872,47.02267090659872
142.40284177453333,99.32671236656029,21.29926182198411,46.8607257380266
142.95208996988873,98.86586084160257,21.25511193428028,46.72808228493509
142.50128769007085,100.14233224945916,21.10507141165769,46.278429633738504
142.0147920508706,99.76906864741316,21.035582052055663,45.98247619982794
142.5970950703206,99.25087507774231,20.90793734153999,45.981902010785305
142.59740095617965,100.05835302171535,20.90732556982189,45.401661862807714
143.22502309245087,100.67665882950931,20.678351486250463,45.19132043619082
143.2975415564138,100.83644153007612,20.533314558324616,44.871755035057205
142.90327060383964,101.8285450094307,20.309840710747938,44.911579581797945
143.46155637024344,102.04563026339056,20.201945319885663,44.47740907387823
143.60169001563986,101.47141327386255,19.921678029092817,44.625366466188446
143.18162245145425,101.54375629685671,19.76410943921922,44.480680420200116
143.72287637957356,103.78426148539332,19.67443545165383,43.97100551781986
143.75537818533687,102.88463652444455,19.60943184012725,43.8025299049373
144.12396372013004,102.70184303771055,19.852536252004306,43.187841396941884
144.04790498285894,103.51848551085914,20.004653726546522,42.530166397204724
145.06570276353847,102.625183390459,19.906451135713297,42.37937766747918
144.94046158234372,104.56611359313287,20.156933498102752,42.356661042073654
145.05197201869387,103.46476958970764,19.93391262540244,42.62170302983071
145.56486992487794,104.0565783596953,19.87691148057464,42.40688015739569
145.1088469566776,104.24294592247041,19.824286578457414,42.034145031845476
144.6235638549971,103.85181895604043,19.836530251776004,41.858076434662955
144.64569683407382,103.95852544223034,19.792264293622573,41.644663462283155
144.8076280873932,103.83637629219533,19.468401786983826,41.88896176235316
145.33161218511498,104.22524525846916,19.37042707293225,42.06121731119755
145.27733964003048,103.9659034162243,19.478972163101275,41.62911511788033
145.19366603665972,104.08409005436789,19.646319369842786,41.392741841593136
145.1586158085521,104.58716796470948,19.716419826058,41.33245692994032
145.53405266562925,104.17229285445966,19.911759358746227,41.215993903597486
145.98135696512796,104.13594501030914,19.96506382642445,41.28868959189851
146.48636756892722,103.81171921885903,19.904943730514955,41.93714117479873
146.92105127285802,104.71617440836756,19.993891467718903,42.04486108591286
146.75627624731166,105.11923155714508,20.323441518811624,42.200182555060394
146.72535363744888,104.89487118649342,20.385286738537218,42.64890329636373
146.87507962075492,104.41446626919497,21.06289726472487,43.609713130960614
146.1823951512432,104.32070389596242,21.445392682244186,43.797237877425715
145.47071655344723,104.88355943530588,21.8564932160928,43.683783460482154
145.7019262877272,105.38754440386909,22.41179388849592,43.69353366431875
145.0391261568277,104.69904491652801,22.70994084546487,44.04307933417086
146.03290402075854,104.03256508016229,22.797827503831083,44.338317813788386
144.91339234937018,104.03727676228478,22.94971346994183,44.328894449543405
144.87286958080028,103.94590341373116,23.030759007081635,44.511641146650646
146.03813163029918,104.90625361639847,22.80048599219487,44.691191825427005
145.5428695491417,103.5294852607961,22.742218943486463,45.3471461145851
146.12022844104547,102.72988228633433,22.644898621376328,45.888954601811236
145.5581459377552,102.57920048277089,22.70542223941792,46.19031820893811
146.08190325460012,102.4124088530001,22.727005029641038,46.52390146847969
145.5329804900278,102.76977338981186,22.750502931767592,46.883520021874276
146.0787438003232,103.26385215943785,22.738985510605886,46.97537168205133
146.65654667220986,101.59567160623865,22.664530128513377,48.14943206508802
146.52173908798378,101.5288149085176,22.93414529696556,48.283145460530136
147.50451593286263,102.47425668183581,23.17584764538484,48.599517952070734
146.82968157663342,102.31139951704324,23.413063959394744,48.925232281655866
146.22524887505216,101.65027401083721,23.50059527009259,49.12614920160331
148.53873758091694,101.89960252468467,23.376773678059724,49.75328112883259
147.9635390746035,101.4777367929626,23.39439836734877,49.46424026893886
149.02456143138264,101.79760618785463,23.530090236744897,49.953369770632015
148.33110822017625,101.59625701126626,23.778633836445916,50.35606812380875
148.77398713283674,101.7885143544207,24.04144247337247,49.97155343749987
148.64424277845845,102.78491820976066,24.30093118212902,49.12628252226212
149.71881485690193,102.2138311987392,24.431171094836962,49.128764509507604
149.65817393179785,103.58937080822054,24.55245294504512,48.66165403119241
149.59941774913253,103.09213852260328,24.669965310375723,48.51887605176863
149.4726895805073,103.36464644389662,24.923421647626192,47.973860209181936
149.967850894646,103.44590512949637,25.06664917681285,47.81134283798242
148.8471399634567,102.77377569303728,25.040820114184406,48.02197624839707
150.98105591993993,102.29414737850875,25.318095481087028,47.844956057486826
149.19530018395224,102.81666504918952,25.474291121753048,47.938359326561745
150.81712624970277,103.13112102243927,25.6581186495512,47.30944738006224
149.48599770687449,102.85997514249758,26.047618720320564,46.71536063250203
149.97833993479492,104.01053492251383,26.197192972788958,46.68275848908811
150.4753445459926,104.14456961315135,26.339507920085495,46.414689107813075
149.92878217383657,104.13120211527823,26.297853952231236,46.44142410355933
151.05760421965854,104.79666706037462,26.30914254355484,46.24496055485034
149.8486062710639,106.51541905080198,26.463638715981823,46.20270616113916
150.95458358500687,104.65962216296667,26.51917969892226,46.51305652057016
151.82937659596914,105.56615267080856,27.048169763822735,46.978571591711415
150.6099617422853,104.77207292461308,27.176670781144452,47.41156673907941
151.90499312917953,106.59221517526984,26.9141313516243,47.26256725416833
152.08250670460004,105.19385206962494,26.5591042007833,47.74510045862577
152.3750757543066,104.48009519579227,25.973966101370117,48.014421354665345
154.88583094951704,106.65190671315631,25.56115357171566,48.27949618070364
153.7782307292374,104.90474451981358,25.47834747213247,48.32681075717536
153.1381194726916,105.01039466344598,25.61029243227125,48.115510469910554
153.91855461883569,103.87682131363837,25.19685540103084,48.0877906474302
153.99061462227263,105.06706953673086,25.052735394156944,47.98714811934251
154.6306867169819,105.68349191947148,24.908561215701642,47.89027336482448
155.20066791249297,105.68627395000844,24.900665491357334,47.88470930375056
155.37375492006197,105.43912646545424,24.554491476219358,48.379004272858964
155.41147160858185,103.30898274887974,24.47905809917964,49.239885261403614
156.55013428854528,104.37648782557827,24.490612112208197,50.538194167439755
155.86374721918895,102.21365403717279,24.699767343161838,51.37300502097358
157.06172934778033,102.4400026153223,24.662688164028474,52.09975040369927
157.04778629340262,102.6722216915999,24.690574272783852,52.824708211815896
157.5258294049155,102.96806916779668,24.934931955247098,53.433457164911346
157.4435357757287,104.21639313923141,25.099519213620713,53.36396109351833
158.5534512798881,103.7962568723591,25.310563666311502,54.20423362726295
157.83061399584022,104.24705313678689,25.524877915279482,54.53400141753514
159.05028470568425,103.40944307769892,25.56534733768607,54.96931611466376
158.89178201957526,103.78344614288093,25.882352709904072,55.46826012786222
160.75257165259242,102.27003659123963,25.940032508046713,55.975573188360144
160.0337519751721,103.56084710254027,26.109526678778703,55.93024253397624
160.71928152818901,102.46286323529762,26.008915548026202,56.855762293180206
161.99080328250196,101.96712047064298,26.030176353195543,57.84724782248948
161.999953694377,102.89057516825012,26.011875529445447,57.2972670593808
162.2121962424698,100.35246870949726,25.587390433259902,58.5076197381547
164.17903895822297,99.91854230660793,25.54984941468731,59.37547254393335
164.21092654043815,99.5918198087914,25.486074250256955,60.02891753956641
165.4325438067996,98.40722927336675,25.680719479290428,61.07915872953751
164.50801460102576,98.08919469336257,26.192213285728037,61.71522788954586
164.42410220123335,97.49216379941416,26.36003808531286,61.55347223013486
164.9492423908842,98.27884965808578,26.666205496852037,61.33654830363249
166.29317469216784,98.6361798779094,26.695773407833492,60.621887863985265
165.558385393152,100.21674240628853,26.816468190808955,60.158530437339294
166.2701137802118,101.55621234580434,26.737300052705436,60.16816783033984
165.56887327920947,100.06430735139365,26.796744959615854,60.465905628972706
166.94442534343943,101.1542822446711,26.742440916705704,60.98275592796756
166.22344461516852,100.85381231489825,26.829466565517144,61.583695787513236
167.64298901412593,102.12431981588475,26.72072915329907,61.77303217123705
166.85031960420076,100.77623571788759,26.940069904354917,61.73720422964235
168.8449842674739,101.34999297888395,27.058790174973502,61.95903957337126
167.98493547696089,100.34338141000171,27.40423098599765,62.59760594113379
167.3891484663643,100.09974639772281,27.205807057650212,63.08487596569158
169.37346336875015,100.58099355047199,27.417833987276815,63.515933904992664
168.5243415760492,100.71214078934105,27.71254165913188,63.253639427254534
168.47902595488972,99.83877299622411,27.80317290145085,63.59543755446717
171.17383709216818,99.4660720345553,28.059498874571176,64.34083947780479
169.5732272202639,98.53429222161922,28.407109502550696,64.77759454576241
169.47260698518812,99.9570586713615,28.608349972702303,64.81058229177971
170.06592548105908,99.60439091147575,28.864996355055382,65.5159178115512
172.0808300135504,100.2344069340131,29.20926958847277,65.71391319927653
171.2154891568971,98.58953357791641,29.472993353510326,66.06974401493173
172.59978645713096,100.00813675173168,29.65791409879998,66.18605301305861
171.76406498716804,98.16613969403281,29.847661435405946,66.90665592181652
172.43045983612578,100.07464410576965,30.010359041495512,67.57610901035795
172.2609410354464,100.04216780406315,30.34939664285429,67.64106161377094
174.94745181482315,99.72778141729484,31.036225081728254,68.26983438730758
173.83920327319095,101.75981680947615,31.716573893703007,67.27806014552436
175.19906605301261,100.07061072207286,32.064083456506935,67.5892371978837
174.20853058508524,100.98442788102102,32.5009416434455,67.30581562890352
176.42722352176702,101.27308005253204,32.70660576851736,66.72851128588151
175.63385516019503,99.2459191152377,32.75051997494441,67.69718812703624
178.6863657022675,100.85737380270368,32.87644381890504,67.58975121615708
177.8288200961618,100.77853501461698,33.03317975056898,67.7474287923305
180.2852044381852,99.18519618069789,32.81055323778479,69.37072573641444
179.4112642937344,97.77395188019764,32.97523917239825,70.61001998312679
181.85141606749283,97.50519338053059,32.90730075078255,71.1475369824609
181.09507487860725,98.29568279866325,32.80922581811486,71.17731545663447
181.94408353211537,97.40563053119604,32.72068300052033,71.34794550214713
181.1705689673413,97.45939216161491,32.65730645688437,71.24042224130937
183.6065055380995,99.39424245195688,32.60863052249181,70.58618646537465
181.98214401698118,97.95997166906986,32.662622245131665,70.25999671155193
184.5689368088759,100.80800677165317,32.269726985751646,69.34461683079472
183.71532337155415,99.13906478247233,32.403581439051614,69.53575596646932
183.7809158627818,100.63529936501868,32.272396456596304,69.70027483053111
183.08444539831052,100.54503949614858,32.08674240962835,69.8807945682713
184.77461997475135,101.04922820723837,31.86233664575616,70.45038884059646
184.06088260494144,100.59242776059482,31.70749588994302,71.36398973388359
186.30641626338473,101.09045755360572,31.99499340635515,71.9607850922947
185.50530818029472,100.4089086448433,31.990641140797052,71.71731447808142
186.9626942263809,99.08420051095743,32.28178891155944,72.76377081438578
185.9529591709047,99.06717792090082,32.67799887638597,72.79781599449902
186.63687258413063,99.1380536491259,32.940891744158364,72.65606453804887
185.7075993677183,98.47047041984851,33.16616204970286,72.35795486932345
187.9577929216914,99.50895755471157,33.56445222109359,73.54676545248861
186.9024273684488,99.0811130389701,34.018031912874825,72.7453030692676
187.62679061923438,98.17020697404584,34.22273317732353,74.56711519911613
187.58359766149633,97.54406162340834,34.309119092799634,75.81940590039113
188.24771590871106,97.41489279490405,34.68411181951644,76.07774355739971
188.08690463465783,97.35267906187408,35.0057343676229,76.20217102345963
189.68325524242982,99.0317199117337,35.255037223108744,76.28609339477023
188.84139534204368,96.99661519323618,35.212171051488376,76.90313088697998
192.0597533097107,100.88533091430682,35.71469095796979,76.06493528665408
191.21191708142268,98.937656673421,35.67896426381005,76.4974854669543
192.03940339689862,99.47023229785742,35.76106574984772,77.169408335071
191.17363197863068,98.31036454783096,35.744319659596975,77.7408549083373
193.71902884134767,98.31032053091468,35.92245152617346,79.49725147284
192.74076869171822,98.18736370180349,36.09401619608376,79.74316513106238
195.1671079657284,99.13995170390871,36.615951032251616,79.6295269215813
194.13262138248214,100.08195950500081,36.88589033612057,79.54454518202067
195.02625397166918,99.54773677089136,36.90114584073614,78.8104699672499
196.71321622706404,101.76836478201284,37.11142350370204,77.95341611876256
197.78371754017957,97.31545425797901,36.75370033299801,79.72611934472212
198.6110381585695,95.9145308081258,36.90190892813832,80.72511641250836
201.32901443148887,95.87564338553182,36.92586927046326,82.62286222041759
200.44496675460258,94.9547428081945,36.8460121109079,84.46466337509221
203.1745886680137,93.27170532815003,37.00651160870612,85.95749056030763
202.15012671269406,93.97487752528916,37.15774242743756,86.44883925793724
205.0244501887064,91.53311148996349,37.13152049755103,87.51742131382979
204.08457837332386,92.35502204411034,37.08879942643997,87.79606490741224
205.24710303220346,92.21576374801421,36.689485353530294,88.0745814996045
205.25847698342415,91.5740654024696,36.66673745108889,87.4353012026161
206.25193889325044,94.16193324346949,36.59285622607841,86.08565070990052
206.2647709985114,92.35133475590565,36.56719201555647,85.9223847803606
207.14690649515077,98.2100502236643,36.692337831660595,83.65203789175753
208.24911273470912,96.59662195047578,36.346691161328195,83.16136282056604
208.8828865921809,95.81524235415736,35.07914344638458,86.56968592919043
209.20768267522175,94.76112909778372,34.429551280302924,88.6779124419377
210.24242151468292,95.5676050922362,34.25113132452924,90.84707589933006
211.01231654507114,95.15270359281169,34.630327023560234,91.67687889817911
211.9079299681419,97.0923249091677,34.77680781605179,91.67305154273318
211.58233421839802,99.79027478451076,35.42799931553959,90.15772639404469
214.49182400090342,94.68325429136556,35.39963857259315,92.65094228424925
213.35985165341285,93.9338222580974,35.69807226321929,94.14980635078558
214.22416479867007,96.57339086190063,35.9618252959319,92.8554277896332
214.85962877032705,97.13441994451199,36.66943331353944,91.7333696244105
215.66167829689812,98.11091193494048,37.04039549833979,91.75544688149596
215.56236283182702,99.25393832821572,37.23902642848195,91.45139098889109
217.30013527250063,100.19826818613483,37.72579122580807,89.56273127305289
217.1557338291829,101.59215567230072,38.01459411244348,88.7375048273427
219.267322582189,97.81556883655549,37.702879074297826,90.42348479703344
218.3193615907004,98.2838902381638,37.624227764950334,91.46141528614149
220.65856674253553,99.41879177379543,38.91027774912986,91.1797656441615
219.45202095834324,96.92400154908066,39.31647472552144,92.15555690960514
222.06790465669718,97.170749922063,40.16928138376311,93.69025151529033
220.75375353192484,93.6020513397865,40.73211352287068,96.69670845896913
222.4688271003114,99.33076031030207,41.53975810825264,95.83376982332547
222.26306180405598,98.26457753333602,41.95128870076344,95.84543466650673
223.2531382754844,99.61417521552454,42.09926487300119,97.4024975323188
223.1508759309149,98.86545768310032,42.303789562140146,96.74664453683283
224.03560176565514,100.66530789264988,42.68173759127185,95.29434381634587
223.95338850032724,99.86784547491061,42.84616412192763,94.75627481481986
227.8378232533793,103.85509733459328,43.589571961472146,93.16597910469093
227.07184065021193,102.30043839136027,43.00358057055715,92.03938379665748
231.55559071204505,102.43805037742331,42.40134814532698,91.76415982453142
233.19838894809763,102.33816923717718,41.192535036078155,91.96392210502367
237.98092349894304,99.65498794540501,39.8614328694952,95.27179295479104
238.6841866349021,97.25743154145022,38.45490659757713,97.98402919808399
242.4866887186723,92.37394386020512,37.140583400957944,103.55721724662668
243.77799828279151,91.7217862640056,36.711076627603084,107.01464479390926
246.04317393052344,89.48493662842513,36.570042149767886,109.29368565625586
246.8761143329837,88.96262884556064,37.12870917739084,110.33830122198484
249.86857916211903,89.69419997115057,37.89267871045409,111.12479203458298
249.23168883310896,88.16237546218672,39.166459368474264,111.91365597414111
251.07601901670745,88.5328597469487,40.09626064537817,113.48191822666757
251.82909282561695,89.17711594682746,40.93862416859632,114.54191696794726
252.78020392064792,88.22096132125135,41.415336827846104,116.45422621909947
252.63128657189645,88.82106173642023,41.713171525349,117.66892787844665
254.64490381323324,89.06318352603253,42.56125233934398,119.62234194755631
254.59887215209267,86.75432656886586,42.65331566162513,121.75910779256415
255.59149284393507,87.32208740780993,43.18120617949155,123.13671801622723
256.4540942727695,86.92509783834706,43.9983927099245,123.93069715515297
258.6080995277388,87.72119035106039,44.8275132662979,124.90707766288233
258.6986443396742,85.93020389656392,44.64642364242704,125.89150134231724
