132.5,64.5,85.0,174.0
130.3248591086352,56.91008342721274,84.33219538619248,176.12557395596318
128.7479821116102,52.39922107503057,83.44843715155415,177.07227420295084
129.35143262200722,52.21068089876533,82.2415361307601,177.4493545554813
129.69603628380798,52.29695036392576,81.55232880715856,177.27681562516045
127.97787709681421,48.97252862734898,80.98289362598923,175.9141519880002
128.33903571897645,51.41391487562413,80.26057638166478,175.00734754053838
128.62096036381826,49.751079458161,79.69672709198113,174.3828835566187
128.96096677292758,51.738358461482164,79.01671427376246,174.3395049045809
127.35135288627063,50.25569698076595,78.31731518564641,173.38620100458337
127.70798992790243,50.46256143365824,77.60404110238281,172.9724720987988
128.13602605327628,50.77953171051037,76.74796885163508,172.33853154509453
128.29713570876365,50.94872947249621,76.42574954066038,172.00013602112284
128.5817984849703,51.819162904403214,75.85642398824703,170.25926915730884
128.77731851004177,53.9853125824456,75.46538393810411,169.73085979024182
129.06593599293768,53.002708474514264,74.88814897231234,167.90672043021198
129.41568577778767,55.31420433050441,74.18864940261234,167.03646297919707
129.82889484891183,56.4828873936616,73.36223126036398,164.6990968528827
130.12352583816156,57.07026615004237,72.77296928186456,163.52433934012114
130.43259917548434,59.68981258140792,72.15482260721897,161.93721006711388
130.57257421813904,58.1930106245824,71.87487252190961,161.3127449402893
130.98540465502478,59.29961023993528,71.04921164813811,159.09954570958354
131.3080086708829,61.60716494423558,70.40400361642183,158.04189657988834
131.85616418321035,59.99179421358282,69.30769259176694,154.21109504107366
132.3532462329212,61.308886710048185,68.31352849234528,151.57691004814293
134.63799233874727,62.34723088572477,67.14424770491836,149.50022169678977
134.85010968699171,62.96236237309732,66.72001300842948,148.26995872204466
135.37234185039728,61.85273648288414,65.67554868161838,147.16499205220495
135.5198437172602,64.10575557985277,65.3805449478925,145.94878372890776
135.90240121641455,61.04516951140832,64.6154299495838,145.53596305351323
136.12505814528777,64.73596990496199,64.17011609183739,144.64947170244204
136.4528117911336,61.98941581530181,63.51460880014572,143.68885376662195
136.63589830132844,65.9066345334156,63.14843577975605,142.2572101832468
136.85095482263176,65.00914557083304,62.71832273714938,140.8779954940692
137.02315035092474,65.42202216474799,62.37393168056345,140.05224230623932
137.16980286256833,68.7880501309281,62.08062665727625,139.57735915609527
137.24047168543115,66.04670215797906,61.93928901155061,138.82697648873946
137.64189752549763,71.01114249655373,61.136437331417646,138.20759998317965
136.28033447304392,69.4691435700272,60.779502331188766,138.21153673109643
135.18511498305804,68.98589413336688,59.89610855718183,136.10420285043836
135.61930191055797,69.70370407081303,59.02773470218201,134.66858297554606
134.43394337877498,72.39328435486557,58.40682814442928,132.28104602875968
134.75041679388218,71.63298772305137,57.77388131421487,130.85555695086327
133.82530301449046,73.14366719805207,56.70983651791603,130.74847035594416
134.1165520005814,71.88517412269928,56.12733854573414,130.3714932857742
132.94992194178585,70.8559208921223,55.58237864939804,129.55177973300096
133.1851313200113,72.70626687305516,55.111959892947155,128.7078166480496
131.817259163888,71.75728908376614,55.011500665010615,127.7695686864445
133.418846594276,71.98216760494067,54.629179618856035,127.31981164409544
132.08829871775004,71.09657549171966,54.48268562006453,126.28340611869399
132.26796076210093,71.28594671576323,54.123361531362704,125.90466367060685
133.80341977297707,71.5838549203007,53.83061904230284,125.30884726153194
132.4182822829206,73.26349430897503,53.83651272039572,124.71394978620333
134.10025520706546,71.72506154297531,53.2284438073938,125.0349383829149
132.65282565108487,73.52740779387983,53.37353290934098,124.18001589111987
134.37155321464962,70.92448958989957,52.67604850548679,123.90591085252974
133.1408089271352,73.85500810474863,52.41386665832423,123.49221466721434
134.76676673918655,74.37308788235742,51.87499987781953,122.45605511199676
133.5188234626053,74.76614156007516,51.68235588174208,121.6699477565613
135.07497647780184,75.27375095647845,51.243806617166435,120.6547289637547
135.2737931959053,75.81316015684521,50.84617318095949,119.57591056302117
135.4821336351856,75.41939029302691,50.429492302398955,117.73476736151532
136.97612211839333,76.27348026380271,50.03620213447611,116.0265874199637
137.01738911378789,75.80539632902989,49.95366814368703,114.39973390104014
137.04796076556204,76.38440439426101,49.89252484013875,113.24171777057788
138.489199657094,76.99136911684192,49.53019962447434,112.02778832541605
137.26110176447492,77.41148660115674,49.49022082654611,111.18755335678642
138.84113652351766,75.32420320171629,48.813436963826554,110.39554884493546
138.97828968869237,76.84642738247659,48.53913063347717,109.8109920027994
139.08301600785273,77.09872011446768,48.32967799515646,109.3064065388172
139.19461459820377,76.03163910916645,48.10648081445436,109.00498414883575
139.4054072234194,76.17941871450505,47.68489556402315,108.70942493815855
140.75999399175745,76.14753317938208,47.39129682372082,108.77319600840448
139.7394204206426,76.31417482148588,47.02112183717176,108.43991272419689
139.87912455803195,76.62397960675104,46.74171356239306,107.82030315366657
140.05337504973895,76.89533322500368,46.39321257897906,107.27759591716128
140.282175477037,77.18715651724102,45.93561172438295,106.69394933268659
139.27405709711556,80.01319260091552,45.59632570323571,105.75292272731782
140.64316278955252,79.12855808252579,45.19402524791797,105.18628083454108
139.4909074664616,80.94208893783195,45.17793273402186,103.87982228400672
138.50636780704897,80.17679241324359,44.845603524754786,103.1090068050911
138.81624377712836,81.81635986249842,44.22585158459601,102.11425459886505
138.93899886971084,80.99869326124198,43.980341399431055,101.49054600096537
137.96159669567655,81.62862447872816,43.689467446188516,100.23068356599302
137.07501125330728,80.82134713525922,43.24033593050889,99.62293585251271
137.16482500548446,81.18236266223218,43.060708426154534,98.90090479856678
136.15701440904195,81.45587929589597,42.88437742739052,98.35387153123921
136.26472867264786,80.5349976164737,42.66894890017871,98.01471578269282
136.43554443271378,80.89712691458712,42.32731738004685,97.29045718646597
135.4875393416789,79.99461012571501,42.067636235866665,96.93979943796023
136.6730155124585,81.06777321195356,41.84271527885239,96.93950465002806
135.7291309256899,80.0615720586832,41.588428518145875,96.80985102232506
135.94633218937827,82.11252314252809,41.15402599076912,96.97932275935898
137.04825925010948,82.38587570404441,41.080625386693306,96.43261763632634
135.9101000492279,81.64443653388736,41.23569322611849,95.79424541430245
136.94578968540847,82.95738998207584,41.2790726040397,95.28309716820783
135.93765030654012,82.30117972191547,41.18722469582144,94.48739102257362
136.08375848475723,83.60160720309115,40.895008339387225,93.98151998223923
137.28508950838432,83.7558404810484,40.574849058597906,93.67305342632474
138.40864034923064,86.48439864097584,40.40013354369161,92.36070944004243
138.50233332251037,86.76301212044586,40.21274759713212,91.80348248110238
138.55715068914816,86.2227041919891,40.103112863856566,90.84517618354003
138.58356123255868,86.84776077673199,40.0502917770355,89.59506301405426
140.8843032134668,87.34642156440776,39.45689028489079,88.59774143870271
139.86995720506286,87.56661723441107,39.506443602313766,88.1573500986961
140.93514132043975,86.97866854895018,39.34969496354237,87.35962787763546
140.05275346946476,86.41311474011718,39.15518427256449,86.5314491023736
141.2764313884194,86.42458730138571,38.65167413342956,86.50850397983653
142.38397793039758,87.53269963181145,38.37125098766893,86.22694925718078
142.5458077627918,85.68225911832195,38.047591322880464,86.07652117570287
141.69714264598363,86.7047110791828,37.827143584818714,85.94939522565926
142.83150687520893,86.59743169811266,37.4704683082554,86.16395398779954
142.96564932691544,86.49276671838635,37.202183404842394,86.37328394725218
143.11614504669433,85.62222991559881,36.90119196528464,86.2071905194603
142.26636780718752,85.6963088541257,36.70130250592872,86.05903264240654
143.276142583274,88.79540541695421,36.575518631408684,85.54213654970837
143.36432133699253,87.18535417519381,36.3991611239716,84.99410801471973
142.56240138717098,87.8169648415371,36.129980803930934,83.73088668203314
142.67917673043195,88.97398300177989,35.89643011740904,83.26683631054915
142.82469180579807,89.50977759349729,35.60539996667674,82.19524712711431
141.97812186094973,89.0038441913781,35.48004523618892,81.38861931116816
141.15235871295346,90.49845869628389,35.32696905319008,80.20399278034793
142.97118189893555,91.0216819656921,35.2588031027006,79.15754624153153
142.17018421054934,89.76278379502517,35.092432249499566,78.13861012291841
141.41733598665826,90.79403412755562,34.847472683601126,77.82676547153807
141.43798472381803,90.16131014976551,34.8061752092816,77.35038723881496
140.56765614425,90.29491447807818,34.812646440595216,77.08317858218962
141.52252244043984,90.2522605453246,34.63333347441732,77.16848644769678
140.69712645370902,89.69195651163031,34.555615805642326,76.56058487284872
139.88575632221202,89.6904309476992,34.460036855565555,76.56363600071094
139.9428070016545,90.50558509087162,34.34593549668054,76.65001322895323
139.900341579442,90.44451493506284,34.43086634110559,76.7721535405708
140.7972499759162,89.46061602922272,34.35624963844087,77.02075126196732
140.02291933247207,89.59342032906973,34.183414705319606,76.7551426622733
140.06477308911275,89.76395907627018,34.099707192038245,76.4140651678724
140.97875650672913,89.9793175561224,33.97992401645355,75.98334820816798
141.06667711631343,91.03785547188448,33.804082797284906,75.5661007244558
141.2613139101307,90.40215058654579,33.4148092096504,75.14682743705802
140.4905524332974,91.52413978588348,33.27857627932512,74.58060492237445
142.16866536864234,91.82282316002751,33.25664249292913,73.98323817408638
141.29659655280759,92.18829039347042,33.34268903272458,73.25230370720057
143.0099243279064,92.57910229965202,33.21400338982425,72.47067989483736
142.22474132477996,92.88021632022462,33.14900015879938,71.86845185369216
143.09702154188187,92.30535265296835,33.02991322866149,71.39270568413875
143.09172195358747,91.7535824209624,33.04051240525031,70.87977707760635
143.10775905824167,92.1721865295974,33.008438195941906,70.04256886033636
143.20191653522153,92.39400166779689,32.820123241982195,69.5989385839374
144.10146956431026,91.71605763463273,32.60770414884614,69.36813968522425
144.2514867855823,91.85146557167626,32.307669706302086,69.09732381113719
145.11115523743513,91.66769897932213,32.15876792969746,69.46485699584545
144.322321396171,91.53562114190143,32.163253369819294,69.72901267068684
144.37458392724085,90.635199318703,32.058728307679566,69.95275269727412
146.0713399623459,91.42348675846961,31.822270892653147,69.95470514533274
146.00627560366954,91.4950826919419,31.952399610005834,69.81151327838813
145.19283957709968,91.56207957492077,32.00466019099814,69.6775195124304
144.47722425094773,91.22836411939053,31.862312218051652,68.77137179824047
144.7404646915806,92.68987817472475,31.335831336785947,68.96415747469042
145.59364524760997,92.93355708528031,31.180960263398006,68.47679965357932
145.72873795787618,92.4188251436816,30.910774842865557,67.96457032607974
145.0785008981619,93.52425495824613,30.68173580820758,67.28322385103719
145.1667870678019,93.72864828510204,30.505163468927613,66.87443719732539
144.4480153986523,93.0992966896366,30.436145580377232,66.62657916140671
145.20725959041354,93.39537176732924,30.41940649519838,66.03442900602143
144.5280964255087,93.18464571031679,30.284886309529668,64.96303460456792
143.85560252461525,93.51061114708182,30.15497003262773,64.31110373103786
144.6006826181723,93.73849138354417,30.12795187736605,63.85534325811315
143.81764690046424,93.22318497025539,30.237992347440358,63.4299251193489
143.78820390642855,93.33786181591815,30.296878335511735,63.20057142802337
143.80581954432543,94.22163075685589,30.26164705971798,62.882460828332015
143.1503508303456,92.62470043191142,30.12841225219944,63.18797700726458
143.187054676971,92.54531876060828,30.055004558948603,63.346740349870856
142.51557842468836,91.76658990875063,29.95061092452072,63.456851914593
143.3636510165121,93.04624028900838,29.701596481742577,63.79181263581623
143.45292941059398,93.18983511981898,29.52303969357883,63.504622974195016
143.49202086892632,92.44105143688375,29.444856776914165,63.5618299731953
144.28917773959213,93.29152615999139,29.290368926574253,63.30070641797181
144.3364588324005,93.32953451778079,29.195806740957572,63.224689702393036
143.664111830927,93.5375582217495,29.109936444362518,62.80864229445558
143.63690912463574,93.70042446723849,29.16434185694506,62.482909803477625
145.07417702573167,95.5045486579305,29.128243937094602,61.713099304435026
144.34545517480757,94.36080534125907,29.17831165539952,61.185833970691206
145.05284281049882,94.73790325700341,29.164098562982065,60.43163813920253
144.33436591709946,94.81091865850628,29.211742011099595,60.2856073361968
146.41187283602267,95.06209512396954,29.22074752894066,59.78325440527027
145.04985403903058,95.17725551996836,29.183136097098973,59.55293361327265
146.55453846263097,95.27571284104803,28.927378698662103,59.35601897111327
145.80539195295225,94.66687038304185,29.056182953117418,59.2042151222235
147.2415447306805,94.7326558917074,28.922889178689154,59.07264410489242
146.55648667834382,93.97573152168049,28.927735240161006,59.221222801744716
145.98861431826043,93.97928017940987,28.695954512843713,59.214125486285944
146.73809984795193,93.20955477067298,28.560379453028258,59.390180304192214
146.09261342892177,94.5143084355691,28.487743547033205,59.507890462510574
147.5088913862634,93.72011796110857,28.383312035230805,59.73220920999124
147.61023744457148,93.18778917100182,28.18061991861463,59.43135201466427
146.99362692202067,93.8938324719222,28.056245049798832,59.37686132674092
147.0867803603743,94.03196717571439,27.869938173091583,59.10059191915657
147.76927001136383,93.5581573633198,27.852316369772723,58.70085404528554
147.8843304002091,95.7711041000185,27.62219559208219,58.29863313447743
147.2318112754127,95.30550016775996,27.595884431200442,57.898491588519974
147.35100759618166,95.44825885469106,27.357491789662497,57.61297421465774
148.1221650443518,95.81847652835529,27.13191684077973,56.8725388673293
147.51563940083452,97.26503253383974,27.042955165930593,56.5834527801278
146.95639171992158,96.69065671309484,26.865203293300123,56.43595718716125
148.23478123402703,96.10628255818179,26.890424553945216,56.31370535255938
146.8957296848532,96.85095965895502,26.989214523374525,56.11400771547207
147.6663938661895,95.69290941618792,26.73634869175673,55.85318313889657
147.07085261257942,95.92089714892609,26.647175003683373,55.397207673420226
147.09670062568114,94.82485076402169,26.595478977479885,55.045198349743714
146.53962333569396,96.25006575610473,26.443619778382903,54.72679592372033
145.96351336634677,94.94153888359294,26.337114634685463,54.826399503960175
146.74659891820232,94.83639415702669,26.029269999623644,55.03668895709269
146.7893587766064,94.84486862317397,25.943750282815472,55.019740024798125
146.75985776157643,94.80889036167947,26.002752312875437,55.09169654778711
146.7858203010462,94.87266836175063,25.950827233935932,54.964140547644796
147.42957279886696,94.98665542317327,25.91692775684463,54.73616642479951
146.81961625574127,95.7602764599954,25.887149012104622,54.438616182146674
146.8099423567474,95.34967876335095,25.90649681009232,54.0149765536668
146.86635502620544,95.41447047992278,25.793671471176268,53.88539312052313
146.28378843340562,96.79513036945951,25.723666243943747,53.594350167113944
146.93529625438543,96.36687775613922,25.650324220958026,53.221181774780646
146.95552379063855,96.49886488813445,25.6098691484518,52.95720751079017
147.57883417495097,96.77835669756023,25.581642984556844,52.39822389193861
147.58518125459597,98.10396495114826,25.568948825266833,52.1664867655106
148.77815381250454,97.26052123916372,25.59526920124241,51.441108697686964
148.1327973381977,98.0097377364934,25.690002186124225,51.13865566675948
148.75908882397232,96.93324670248293,25.630610281913775,50.90525560010276
148.165553582285,97.65811391767853,25.628935223497685,50.64426671150227
149.97850916523032,97.63860076942571,25.557701760012613,50.68329300800792
149.4086460538025,97.02498997393045,25.513194291297197,50.726280907427395
148.85698439244706,96.46477466790157,25.432423487695196,50.66261739317228
148.9648903183177,96.50432635864958,25.216611635953857,50.58351401167624
149.0749244787481,95.80248254167643,24.996543315093106,50.810328470478765
148.54104358364557,95.75509803981666,24.887926737875556,50.90509747419829
149.872155369637,96.34156443382264,24.577461532234484,50.90804386935726
149.34718614965522,96.36555926036192,24.45687127731199,50.86005421627867
150.0408691238617,95.85231465139543,24.237236173235008,50.71881258987566
150.0419839852179,96.04145865286347,24.235006450522636,50.34052458693958
149.5571140776871,95.67955073812473,24.04845727448185,49.90805142531461
149.10945651022536,95.74865383202697,23.797040426508644,49.76984523751011
149.15266963364118,97.60331535933693,23.710614179676995,49.48154272197941
149.77780596366784,97.690531071691,23.59497124869509,49.30711129727125
149.28102266087183,96.66571615436187,23.458465971756617,49.0965973668684
149.40642114691246,98.41650360077963,23.20766899967532,48.96889549213405
148.87115782105582,97.89948251151966,23.159803065962652,48.884545085227984
150.08927246747845,97.23037249217936,22.95623091248207,49.10643655422625
148.94231147900086,97.41327110429545,23.01813516221863,48.740639329994075
148.30144615996593,97.54156142435806,23.188104976160414,48.48405868986885
148.2842824716214,96.42686399383555,23.222432352849463,48.49148996470572
149.5040520957034,96.58081717404177,23.0062687319987,48.1835836042933
148.4086387649247,96.52167911563629,22.990230115862396,48.301859721104236
148.39341715605607,95.99058049006231,23.02067333359961,48.25917880570509
147.85700834132942,95.92606435717906,22.988704901008393,48.3882110714716
149.04411213092038,95.81795818729789,22.82671863759043,48.60442341123394
148.4350586449887,95.72782991335774,22.938389320297084,48.78467995911424
147.93288588104653,95.63504896867471,22.83172367262732,48.9702418484803
147.9383482443736,95.04497123608348,22.820798945973205,49.03854650582835
147.94411543756058,95.69300311849744,22.809264559599246,48.855136941248894
148.61628869423836,95.37248191772582,22.57470067268236,48.386396716353424
148.6167702834431,95.96071117045173,22.573737494272898,48.308798388313534
149.1771769499264,95.55052428690739,22.55063770644392,48.03145861026457
148.59369641287591,96.18659303990027,22.62432757564911,47.85259230917464
148.56411669707217,96.88610742777074,22.68348700725661,47.545514356585755
149.13805746488768,97.54842782775208,22.6241103349671,47.309378419964645
149.06075878454772,96.52836684139805,22.77870769564701,47.181447160539285
148.445593639697,97.23171083845837,22.92418835745176,46.859608794315335
149.58439734651415,96.70152718949235,22.81193292825065,46.837300100030774
149.08126217557046,97.76523549863765,22.73780210114219,46.87068581973192
150.8105931572968,97.25614567078796,22.51794337333861,46.809264396881616
149.64715923680575,96.78007317404723,22.69504751717338,46.68652754178943
150.31962991339057,96.06667036544025,22.426274738495735,47.03716458451143
149.77556065226494,96.56964128179652,22.43780228909396,47.10783372345192
149.83097783350945,96.04960523794897,22.326967926604954,47.07006344945927
151.53089907289205,97.01648019396632,22.15320627097207,47.28703408617947
150.38065965205058,96.44636029572209,22.3027046962203,47.35178367445057
149.82058232696087,95.92415598369338,22.343816494360585,47.317149446468825
150.5065193004825,95.90313036075752,22.051197937363362,47.35920069234056
150.5315834165937,96.39885661771879,22.001069705141017,47.44250716191516
150.06731252299957,95.92303318284667,21.854516359295015,47.319058898625194
151.3086742666008,97.04454541679547,21.513264088760735,47.21750564739584
150.84306371009038,96.55733552692024,21.381202453525074,47.128642678889705
150.364479148106,96.20705855579381,21.278695652487936,46.769520696136745
150.42674043090364,96.92313760519245,21.15417308689267,46.390023292788236
149.98638547303472,97.00135699610387,20.98991995127294,46.23358451096542
150.00746825163804,97.76282629893115,20.947754394066266,45.75045598899291
149.5190915237265,97.89834600800401,20.892458017567485,45.47941657084718
149.0380308019889,97.0346516726982,20.82743879699403,45.15252391336145
150.6127115916067,97.7797087517011,20.741822336627468,44.68365812831202
149.63462837842633,97.79870202192092,20.672130598641303,44.645671587872364
149.11324632734517,97.39674011649383,20.703737080279108,44.43843777820203
149.08304728967005,96.93238776649537,20.764135155629305,44.358448306364465
149.09362279539206,97.04861396116797,20.742984144185296,44.12599591701924
148.60135093769097,96.47053398109246,20.722698148189014,44.27732616577182
149.04394825812616,97.0056847024317,20.84418316819648,44.21370438397123
149.0050525401202,97.07863246279823,20.921974604208422,44.06780886323817
149.01722616070947,97.12192878924941,20.897627363029894,43.98121621033583
148.51232258682614,96.68367463808127,20.902017805991733,43.852307807867284
148.57151184250228,97.13558725631599,20.78363929463945,43.952096072822854
149.0979121101379,96.59383970233094,20.733843864746458,44.03258607541463
148.60459697785072,97.73096859566108,20.71716475626075,43.76494703487461
148.1632932845654,96.80339801470501,20.60065384170774,43.62185159453955
149.77312714622832,97.51173759514751,20.365989113739786,43.20017343210718
149.302659079686,98.22413558877565,20.322162289397763,42.76014040227757
148.81081461003757,98.3668144957679,20.32826609771655,42.47478258829307
149.8778805420962,99.10810174961367,20.141193711674635,41.965737819639216
149.8600511609267,98.24871203261048,20.176852474013643,41.75882383740752
149.89014081654477,98.22692290642838,20.116673162777488,41.8024020897717
149.90091835341897,98.37567465663787,20.0951180890291,41.50489858935274
149.85193479996366,98.47245292666207,20.193085195939716,41.311342049304336
149.87961967288572,99.02090459872827,20.137715450095598,41.168631592706454
151.4081125196349,98.00514023110127,19.934168768594578,41.297867653295555
150.52569005868787,98.4900261802143,19.800017769950976,41.27759371533834
150.56248083088187,97.14885042928611,19.726436225562956,41.11934004176193
151.09152188849512,97.62527044003737,19.611632856134886,41.10977876605785
150.61805154756763,98.14821007344045,19.617433010772384,41.00504002646915
151.59840667467438,97.64914894724726,19.536150343286657,41.06344848549169
151.10937895385695,97.6599254503574,19.57505581673093,41.041895479271375
150.69404861170966,97.59605323985326,19.46620307951862,41.16963990027965
152.20939729672307,98.05613429936133,19.253941907712047,41.18895651400358
151.7332236432596,98.04953603200525,19.27023362057035,41.20215304871574
151.256061449476,98.17212660967188,19.2880257028279,40.956971893382494
151.23766818013843,97.68087155370188,19.324812241503047,41.00621029988797
151.29778393194587,98.28745678144483,19.204580737888122,40.727670790487835
150.83047572218524,98.35060709653811,19.21072229142525,40.601370160301244
150.85401240508367,98.45136555369963,19.16364892562845,40.39985324597823
150.40800190451364,99.00705321984265,19.132686587391586,40.21146125306912
150.3943708550366,98.31201510214105,19.15994868634559,39.76214335704753
149.93675417137362,98.95663832502322,19.161565421896388,39.386513543058356
149.48356508756234,98.33958926506246,19.15978376141274,38.804292006767355
149.51003752460335,98.4484276192338,19.106838887330696,38.58661529842469
149.09897391903766,97.95735107578204,19.033448609050083,38.67325089591621
148.67140478570676,98.92787556746795,18.993074443755287,38.52322677645768
149.1145867024928,98.12706832094018,18.999329288863592,38.33960391215248
149.1251450268486,98.1492350799707,18.97821264015201,38.29527039409147
149.14141859614844,97.78134465306032,18.945665501552305,38.14202435232263
148.75572883587748,98.15719941533641,18.830824037605158,38.27653581225947
150.16900081965093,98.95062967364532,18.66287474346831,38.46207174458167
149.2031914649181,98.63289533029773,18.822505394004825,38.211546401812285
148.73939962171346,97.85744689767503,18.864985356404254,37.99223581903793
149.66798170051828,97.93268041966131,18.773085105173394,37.8417687750654
149.2071057352693,98.87141651059116,18.81599838716007,37.721973890228355
149.23734579046783,98.47829552475865,18.755518276762974,37.63038728668382
149.2276044620761,98.57345420386541,18.77500093354643,37.44006992847031
149.24497109280742,99.44563675535575,18.74026767208378,37.441688727150755
149.2327528429055,99.24672871553962,18.764704171887615,36.96708995207837
149.71921166558909,99.36813909974789,18.657670692125595,36.72426918366181
150.11024940099534,98.8595195893337,18.736071865730125,36.88103156007314
149.68394745081187,99.33867008626044,18.724547497519833,36.7868588347969
150.08951919858944,99.96712067425156,18.77595266385565,36.39250632070564
150.46532895037137,100.07547897595362,18.881982742804823,36.17578971730154
150.47681045285546,98.76834288546172,18.85901973783664,36.2211865279334
150.5046172248509,99.1992227371775,18.803406193845756,36.21599060491653
151.0609089446748,98.64818962691825,18.54635324453568,36.46252633509731
151.09493035169908,98.19196713288613,18.478310430487134,36.520253602763674
151.61734012836763,98.88493587248139,18.287879875830825,36.84309412093481
151.22273753621698,98.41141997944136,18.22126245045016,36.93430329733294
152.0896398437343,98.09480315811093,18.1994628251214,36.71153444514086
151.2297116552163,97.71642203074424,18.214586704917476,36.615930451254286
151.259554241772,97.25092308993179,18.154901531806058,36.695699048338845
151.30851670037737,98.55444899128392,18.056976614595357,36.642734868551706
151.34995149841947,98.53271054259325,17.974107018511127,36.68621176593305
151.4438528028187,98.14755966276299,17.786304409712656,36.608424678572504
151.90218364139622,99.07805577920377,17.71333438924581,36.434815759067334
151.48323435277464,98.73364553648268,17.711344707250607,36.283747985271106
151.5519339790965,99.2817897983579,17.573945454606864,36.0251061972121
152.04072160595032,99.32869916760002,17.427852395484596,35.931287458727866
151.22931441182044,99.47679264594564,17.395518397798487,35.63510050203662
151.68098241343296,99.2186257423667,17.31486835515406,35.32874834861383
151.32611421391675,99.25034541600053,17.20779557425615,35.26530900134616
150.92479544921844,99.69550024227642,17.196409410656308,35.18902304179082
150.13421866292367,100.1008845896656,17.152140305622424,35.19096568582418
150.16148176152348,99.64797810800904,17.097614108422846,35.2848074971839
150.12293288502033,99.64697149354149,17.17471186142911,35.28682072611902
150.11941058628693,99.65537762085785,17.181756458895883,35.27000847148629
149.71117357451885,99.23821657169168,17.18459026806444,35.29069035545101
150.08333757109475,98.79918391242855,17.254253841697846,35.35476410719205
149.7375982504717,99.25001824631535,17.12959515274034,35.269232769622015
150.2175128168042,98.53868651679315,16.982488887068133,35.066450494680915
149.82165119414532,98.52264987553906,16.96700689064749,35.098523777189094
149.83921565432445,98.83992682054752,16.93187797028922,35.271374319709935
149.8489753922882,98.49633282421586,16.912358494361726,35.149245973438866
149.8580822370341,98.8834868104463,16.89414480486996,35.1821324848054
149.45858489158965,99.00803478862005,16.885781979018056,34.93303652845789
150.28069260229148,99.80790803294575,16.848719056718778,34.94044253891091
149.85623481136773,99.9760776756813,16.89459471334913,34.604103253439796
150.67768465960484,100.15923556838163,16.849545025977257,34.23778746803912
150.30350139246787,99.76072809776846,16.80512246419784,34.242013313212155
150.73555999210862,100.22143423078943,16.733085660037993,34.11268144229189
151.0872252449911,100.77009597245964,16.81869529596463,33.80429810064306
151.07212109223718,100.09962298881943,16.84890360147244,33.57341702661906
151.05928408434264,100.83205810937633,16.87457761726155,33.67465920834399
151.47950737095303,100.12089409095653,16.819113889490684,33.52702155428374
151.84964969310633,100.39539088107337,16.86069082843799,33.759889557304014
151.52531858599903,99.98645829263026,16.723362585969973,33.79176427750762
151.51840635813807,99.27349233341826,16.73718704169195,33.6495384192614
152.26207052584272,99.19445835918395,16.814333560346352,33.807606367730024
151.4310988527003,99.2117316126369,16.90450408301145,33.77305986082414
151.87321492398476,99.57267484511573,16.80721329315526,33.83811474857925
151.90995609231337,99.50670891722315,16.73373095649804,33.970046604364406
151.93893075421025,99.90393873575935,16.67578163270429,33.96245299219887
151.92632113011283,99.1639620119142,16.70100088089911,33.87090642237584
151.90156127918837,99.94262894243927,16.750520582748038,33.88327023634566
151.92212821308715,99.17503643281631,16.709386714950462,33.846679268996226
151.96546073560742,99.65661975465217,16.622721669909946,33.66815252380673
151.56161584822874,99.70757909319616,16.64988470907395,33.56623384671876
151.98933301826779,99.30866927919925,16.573956905859113,33.58454693784934
151.25588239122558,99.44829606634171,16.483940683389925,33.30529336356441
151.73302770854704,99.8506761450117,16.30246427312686,33.27334743060429
151.37166934723754,100.00595637376586,16.255980590527354,32.96278697309596
151.0188778366892,100.52596335834362,16.197709773919733,32.686626841644774
150.70063065972454,100.81088833698703,16.07539943987839,32.875581572328585
150.7373381464455,101.17128749621277,16.001984466436458,32.91422985010896
149.98064573072878,100.13843880774826,15.997896300602811,32.70371773113739
150.784631126271,100.59615639288921,15.901105197865315,32.54387240502893
150.03229989538036,100.93748135176736,15.902619767609643,32.61279643329112
150.40041894145574,100.2159667277578,15.91898899913015,32.550611033967705
149.69026087168416,100.27310818536097,15.835339466524967,32.43632811876138
149.29187575339452,101.03082960200628,15.883248880543817,32.41860693059157
149.30567292386795,99.89343733094945,15.855654539596983,32.44509134809568
149.32393008897895,99.83974081756969,15.819140209374936,32.5524843748552
149.3833374930654,99.46986116684732,15.700325401202075,32.54196724997597
150.51733068919148,99.85019588922256,15.676512356193243,32.52935558763991
150.1126818964812,100.21415275122501,15.738350380240234,32.548901425008545
149.76356913019796,100.55119556142425,15.68775576819477,32.62363594922206
149.37953019503604,99.85740057898,15.706802468907478,32.51316357488821
150.48218993442896,101.00956991309266,15.744732735078143,32.452074651619405
150.47974402614875,101.02904389027225,15.74962455163854,32.41312669726023
150.45849467311928,100.74059539256434,15.79212325769749,32.24299037077216
150.43720758440415,100.79799485017367,15.834697435127762,32.128191455553505
150.80821272345264,100.90798304975888,15.837032692132325,31.908215056383085
150.81515595412867,101.74235968888155,15.823146230780228,31.721798463209513
150.80639568551533,101.7785939669351,15.840666768006937,31.64932990710242
151.6032469150167,101.05635491490688,15.721848408380648,31.618923911782364
151.63507211904863,100.9728288219282,15.658198000316796,31.785976097739717
151.30839284009838,101.42995933278787,15.575275311114114,31.60799632312357
151.74228857505025,101.39367650296988,15.439724816414582,31.680561982759542
152.49468467783726,101.07780066615322,15.396831876360928,31.581364023632673
152.11830723395195,100.62759962298182,15.420831208487153,31.753010554331084
151.7213887533544,99.88962078538371,15.482988403946155,31.765608698055104
152.47173644618033,100.94726684359935,15.44817981572012,31.849146777762567
152.04625800828288,100.90345026050767,15.56557770188805,31.936779943945922
152.42466239272505,101.28413037727606,15.545647230415733,31.912298007821217
151.7229826209468,100.88708554191554,15.47665770889729,31.97021314600477
151.79132265077098,100.65033021535066,15.339977649248913,31.707901984263017
152.92647149417263,100.66230697073534,15.258527841257761,31.683948473493672
152.25226240338333,101.0276945513896,15.151246009037216,31.68102331908475
152.30703516162146,101.43774230992007,15.041700492560956,31.586868167572096
151.9562154376,100.7981157281471,15.020680676555434,31.420802803021243
152.33714205755123,100.82969045215182,14.978698600294111,31.357653355011795
151.99398618528826,100.94904523410597,14.946791335788406,31.11894379110351
151.65969560283284,101.3019328182951,14.901191489703887,31.127349633720605
151.32058668531872,101.76132149801406,14.865899306875471,30.922082292139322
151.34260882927168,101.2204628810057,14.821855018969506,30.583998016957263
150.9870395078926,101.01623073511445,14.828794200014723,30.288262847026786
150.65546205983188,100.76448397501461,14.791949531222372,30.09175680231264
150.66962460629006,101.85514343776214,14.763624438306023,29.9999016637345
150.35927133338956,101.52518741818453,14.689677258202796,29.9651599769855
149.97353125860118,100.8459074960104,14.768294239336441,29.937993484447667
149.96041360148755,101.91271772638166,14.794529553563722,29.885861302872183
149.93823310520693,101.62266507031556,14.838890546124958,29.772445004068373
150.2438074123878,100.54366680793109,14.920372242119983,29.852550597766953
150.25898652875827,101.2703505093028,14.890014009379053,29.7896093964198
149.90877660578474,100.92717952446336,14.896667511661473,29.782185022433985
149.93709127754394,101.98423852188242,14.84003816814304,29.749385331767357
149.9383590446002,101.38786980146752,14.837502634030574,29.55749747744378
149.93666761156106,101.5020394193568,14.84088550010881,29.329158241665183
149.60740625428483,101.12387366353245,14.813235696806894,29.39931723545953
149.6429339776079,101.52903546718817,14.742180250160768,29.275716402396505
149.29307338988747,101.16376789776125,14.758217490516605,29.322567606165343
149.96362721295046,102.2485366010597,14.786404774920506,29.20697259536331
149.97651276283628,101.92057963240086,14.760633675148897,29.179445722763624
149.65709951555036,101.95290900463806,14.716867917823937,29.11478697828923
149.66552159882212,102.07882990335382,14.700023751280401,28.862945180857697
149.99524950349016,101.42213894241813,14.717474168930957,28.822514648755845
150.74227964261036,102.49545287174517,14.576642735450573,28.70573005724176
150.02491230778728,102.86990611110984,14.666434288443249,28.629295136839147
150.7470165960386,102.8611360211569,14.56802554829376,28.64683531674504
150.02368483011597,102.28377346586143,14.671770312121177,28.45864165931812
150.35373220074933,102.66555033833191,14.682163243004041,28.365575586526752
150.68447729428826,103.02537479004774,14.689973449564786,28.315227076733667
150.34147441584622,102.33256582237038,14.707283707299624,28.363454013789926
150.70568740448277,102.66554962012589,14.648559447840892,28.367188136093304
150.35272505237336,102.99958239864078,14.685738780127954,28.3678679509953
150.70105989632074,102.30995735696173,14.658464709472536,28.408326799874736
150.3471907528583,102.63084647064682,14.696683099520524,28.436068469381457
150.9794607011618,102.61953892707814,14.773314051521185,28.45868355651882
150.65367542165595,102.63309226425001,14.75264777884377,28.43157688217508
150.315751376734,102.61415716189669,14.757012845919817,28.46944708688172
151.0148996792332,102.62252613492714,14.702944862108707,28.452709140820822
150.64934842409102,102.6126618252966,14.763109801246454,28.47243776008191
149.93759090262688,102.9521796259099,14.84209847369248,28.465665344096404
150.97519538899778,102.63470581469102,14.787458178117205,28.42709007414532
150.29510597256643,102.93785005901817,14.803604643215014,28.492817769373453
149.9401983920773,102.61866227700034,14.840160320688828,28.457933849904656
149.93555072026498,102.34891775464631,14.849455664313455,28.324046934402705
149.64139297773758,103.03280801480562,14.766202965785086,28.299402781250333
149.3579701709881,102.36652609673976,14.66327394617237,28.29241735115858
149.70533161966765,103.46042441414912,14.636451971828317,28.108323485385107
149.09344777130852,102.47665618306772,14.530748875574263,28.081653758089452
149.4715759323733,102.11117372124622,14.437016955470583,28.150094279706583
148.80754690690895,103.1889810468876,14.441247137450585,27.980221431846836
148.81681648650132,102.54387587819313,14.422707978265858,27.951444097389658
148.5018710948319,101.92206976187242,14.393846709651825,27.877552226125296
148.81142345052228,102.92475542955997,14.431912199900784,27.84369149563941
148.16777707858841,102.54853520699734,14.404547913663567,27.93880342571218
148.1484929065694,102.24757422565706,14.443116257701604,27.882471727580686
148.1531519760371,101.5583688994498,14.433798118766212,27.94470063590674
148.88437410777442,101.814814618778,14.28904201996374,28.09065327958644
147.90509529732603,102.05237064745039,14.272131198876405,28.274030702903016
148.5922830058263,102.03588248533597,14.219526105545848,28.30700702713186
148.28120889758824,102.06271775321255,14.181215372440462,28.253336491378697
148.96196311406445,102.01722466725553,14.137727818569745,28.34432266329272
148.67531736885147,101.97287552606545,14.051429073107473,28.433020945672894
148.36059899300818,101.93624893359855,14.021472418317217,28.5062741306067
149.00187218904932,102.25574241606473,14.058816584478155,28.52723244479595
148.68069967078222,101.24644398661502,14.040262347410597,28.56313148289007
148.37280323496674,101.2794390036866,13.994952794212656,28.49714144874689
149.35176523640607,101.66330222131973,14.015084191266576,28.38876681345816
149.01693001371203,102.32437767395207,14.026638410255421,28.382848360991915
148.6621256144401,102.00718843409827,14.078017285391224,28.358996917291496
149.0090035144912,102.69896455338423,14.043032641083194,28.29298699030791
148.66914180473393,102.37120598646065,14.065556675382155,28.29130473893943
149.64835011685074,102.39450584277252,14.07983458822311,28.244705026315703
149.68597345791449,102.4019587979464,14.004587906095619,28.229799115967918
149.71718159801014,102.40848846514032,13.94217162590428,28.216739781580078
149.71626095326445,102.43578628413263,13.944012915395675,28.162144143595484
150.0603370592786,102.44747189998782,13.909430506145103,28.138772911885113
149.73527796544892,102.7936538347185,13.906920007483146,28.09903772874504
150.05434461736326,103.1047614587061,13.920790665181126,28.128826442296496
149.35672841177816,102.46547699717786,14.010662968632044,28.10203525763373
149.66995679613845,102.40541135568672,14.038050672527355,28.222166540616012
149.97419069250282,102.38000924761607,14.085659683090553,28.272970756757317
149.32629155188832,102.32194146305919,14.066168788949884,28.389106325871058
150.29214144413373,101.73784797448663,14.111488303189702,28.23928043719579
149.58566071492362,103.08599952015155,14.209252843707453,28.173371181670774
149.593407104728,102.4286839800071,14.193760064098754,28.17135468769891
149.62537919646584,102.44491062131887,14.129815880623013,28.13890140507536
149.62244001518323,102.76452897135165,14.135694243188281,28.1561103696128
149.6168937527318,103.05143391658244,14.146786768091097,28.23909982857963
149.61593116524375,102.04335708865179,14.148711943067184,28.28063397329212
149.3405925818196,102.76402863003452,14.040541158991065,28.156986792375548
149.39143495056024,102.7406284500474,13.938856421509794,28.203787152349808
149.4227495670215,102.76509319136409,13.87622718858727,28.154857669716424
149.44932819987028,103.43850970741015,13.823069922889733,28.112601403447115
150.723961686402,103.08954200455472,13.876798007126125,28.159788044833025
150.11079880958533,102.44744809235546,13.798383008130832,28.139235116602908
149.85862251974896,102.04276268939809,13.65202570599557,28.297896040709702
149.89081743803175,103.35119325575272,13.587635869429993,28.282976164599297
149.90892449444016,103.01460870298958,13.5514217566132,28.306997754632683
149.61373423885428,102.65936588270013,13.492934536226741,28.368615663653344
150.59462642640455,102.67974307443727,13.477393505954298,28.32786128017907
150.64434102239412,102.33900959895699,13.377964313975134,28.361445482172655
150.7191822889279,102.32535990576221,13.22828178090759,28.38874486856221
150.77565697868602,102.99146258197413,13.115332401391331,28.345385582648234
150.82070601826194,102.37998017750525,13.025234322239518,28.28471579359267
150.89222300886038,102.74341960526799,12.88220034104261,28.197195193044735
151.20927573278257,102.76221916473855,12.883675664335007,28.159596074103618
150.92787335610618,102.49362252463426,12.811420331640184,28.061729268264564
151.25360043612332,102.22427915816218,12.792337661649471,27.968044511165147
150.62430218792232,102.87769540415816,12.789583393431455,27.922562783793204
150.64395976694772,103.18250324281667,12.750268235380616,27.942913065529737
150.31859892269784,102.20778167670203,12.771417010325052,28.003637457093024
150.68025058164406,102.50865252225651,12.678939800794488,28.032721874345878
150.37620832140092,101.87557017768417,12.657397472687595,28.039632866304235
151.04998110042771,103.4806384537411,12.568550208798914,27.97624204960257
151.10647285154027,102.85135296404218,12.455566706573812,27.981075483288066
150.82183673407184,102.23605488152259,12.399885761860025,27.961765289026026
150.91274854587664,102.25766209385965,12.218062138250446,27.918550864351925
151.26367386697945,102.87760348972074,12.13607637440279,27.918397829345558
151.63539950579764,102.54970335527538,12.011041789162523,27.955781405840145
150.77034702167603,101.94693615732903,11.890897509671298,27.927816303243215
151.459988916145,103.51148779550729,11.740054774477045,27.869815661245816
151.2146667867014,102.88046215478799,11.619988110177898,27.910445096311754
151.29821102674222,102.86088170772912,11.452899630096232,27.949605990429482
151.35179163419426,102.55834452893058,11.345738415192148,27.94791661984719
151.75053762173755,102.22409927909584,11.153078132879129,28.011575426743153
151.48481249169657,101.94189697811099,11.08221655199236,27.973668187744174
150.9340838343744,102.87801108704309,10.982673251219628,27.90294089300552
151.25340561770267,102.583780306768,10.941732755517442,27.893699382601362
151.2917725523408,102.27966482081233,10.864998886241155,27.905092738830213
150.96501575334221,102.23703528225882,10.922885207175533,27.990351815937235
150.9696160697301,101.97132846868737,10.913684574399708,27.923876041102517
150.60926271710233,103.18807962135763,11.037622028916655,27.877450738716558
149.99395052446596,102.29881946771242,11.071608252000832,27.861013802724155
150.20591530555888,102.04046338633088,11.246368648934816,27.779036006367363
150.18841120911458,102.6468590516534,11.281376841823418,27.767500527972505
150.47347669189296,102.64464278137808,11.312331292759144,27.771933068523136
149.77010071155522,102.64469109168574,11.515682159213428,27.771836447907816
149.39456797408226,102.32412363980472,11.661432248667579,27.807655966178068
149.63987245073227,101.99720691022401,11.779242493064158,27.85307022764286
149.3019739251016,102.91828140684218,11.843876270431059,27.844411056089786
148.91945361387025,102.91435619083119,11.996734398919415,27.852261488111804
149.0807802044874,102.59880102213789,12.289080266438226,27.868372776745222
149.0491359115414,102.59717357567757,12.35236885233026,27.87162766966585
148.69006171210455,102.30129196706822,12.448966956807201,27.841840592487817
148.64992266496546,102.94390983545415,12.529245051085422,27.802238920851273
148.3082553576607,102.31498931319422,12.588927293501756,27.812775220984715
148.25718056623577,101.98771287698953,12.69107687635156,27.84247521996486
148.201186683239,102.64200245805222,12.803064642345129,27.788047624586735
148.1367246254108,102.64405568104335,12.931988758001502,27.78394117860447
147.77493709087818,102.64574715111287,13.025122736846827,27.780558238465442
148.03114883164403,102.002892831636,13.144717983911146,27.802229420227114
147.01028459986273,102.6713908986313,13.283182557546885,27.734075879521086
146.9738279416042,102.34687298624753,13.356095874063875,27.747271713154756
146.6321531575516,102.66566892614186,13.402144118619185,27.746981156916007
146.92489825727088,103.93461507784619,13.454751820268562,27.761480457858923
147.21342808264944,103.63309711305905,13.516916229119909,27.72529232782471
147.4955922741511,103.00013073026123,13.592363187756723,27.711674410139945
147.12484126576814,103.00409075126238,13.692979373789008,27.703754368137652
147.4314367603439,102.98827937518132,13.722303073230549,27.73537712029978
146.76955422389116,102.99504719959039,13.759097355066192,27.72184147148163
147.3840760925568,103.3114533165837,13.817903227506598,27.73295404238085
147.0409951740996,103.96311761296596,13.858959379916916,27.719836818624376
146.71214120788423,103.31791209371985,13.871043094125087,27.718999420671313
146.37592496332832,103.33161207680665,13.89765455962563,27.691599454497723
146.68233469981408,103.34447525520063,13.930715179092914,27.66587309770976
146.6613264546261,104.31346915574169,13.97273166946889,27.666109909009315
146.647127433442,104.00476549578018,14.001129711837127,27.636712777197896
146.64238500902525,103.68645671615509,14.010614560670586,27.626466136623467
146.63212594329565,104.35306164259752,14.0311326921298,27.58701189975807
146.95319710443152,104.35335224214802,14.035644025869862,27.586430700657086
147.26600142566252,104.36423345249487,14.05675838564144,27.564668279963374
147.58171028953834,104.05684428555638,14.072108927582255,27.53267834414798
147.2501489533277,103.09445981202268,14.088667673678849,27.517755512241493
148.20230264768065,103.7535375414318,14.124252136646676,27.492861287872394
148.19258756611436,103.43310518415353,14.143682299779297,27.486847127342774
148.50279051727333,103.09750637020268,14.170401885852502,27.510919266853342
148.15848231138222,103.09544244717964,14.211079099256109,27.515047112899413
148.43858824735247,102.78037504235428,14.299567758802414,27.496481391063313
148.08525671377012,102.802316526841,14.35627957569154,27.452598422089864
149.0302416859659,104.08740219433129,14.417155470602978,27.483554872846707
149.02087671060778,105.06559471301648,14.435885421319265,27.482519995679567
148.66475111395334,104.116083355184,14.496046579876074,27.425272607088377
149.31165948138351,104.44358562655296,14.50679273674635,27.42254951021578
148.9626104124186,103.49490264812358,14.552465011283056,27.36263787689518
148.29921967277605,104.80410780144541,14.574590475970387,27.353539599447085
148.93668642912493,104.49574543341727,14.604804070541572,27.317690781868922
148.91384431417885,103.55354241492451,14.650488300433711,27.2444055180801
148.57298990430792,104.53379296721285,14.679929996897142,27.24070578333876
149.19940235492822,104.2422697820031,14.732538613299685,27.171035394936677
148.86859749064033,104.56860808378939,14.741558112980686,27.170949020258973
148.52887112192082,103.2706636991787,14.76826761286658,27.15586483926786
149.18130938114285,104.25702051226038,14.769346297986637,27.142084018450756
148.8533275297704,104.25908043676084,14.77251718023817,27.13796416944985
148.52186969218698,104.91286861290396,14.782646579665819,27.135960368642063
149.15631024489252,104.58956967573367,14.81962526017716,27.129628350021445
148.5014126273898,103.93473604855777,14.822483463827163,27.13235857301784
148.80930263623517,104.57776623581678,14.860261080745675,27.15341346771827
148.1430381811817,103.5987123697281,14.883762516096478,27.14797998776139
148.12872706782832,103.89813133863608,14.912384742803246,27.20397705471206
148.1219842228615,103.56991882353717,14.925870432736847,27.204251868121062
148.13778537129178,103.80826295945165,14.894268135876292,27.383948187976618
148.13493362823561,103.37346636372273,14.899971621988612,27.595045855319512
147.81787600513738,103.94170182896556,14.872381778376473,27.781985104451135
148.14748497703653,103.16669145775609,14.877150323953682,28.004032868119094
148.14771948313776,102.46226200533098,14.876681311751211,28.078217679250166
148.13729521465328,103.39256244880147,14.89752984872021,28.2228785706139
148.1464278460638,103.33736551190734,14.879264585899133,28.33327244440217
148.14470680855766,102.97942947017387,14.882706660911445,28.376928449600975
147.78045030672732,103.63476685711613,14.938302662480352,28.41208767989995
148.0942889083444,102.99700866293503,14.985014682097521,28.338825622559476
147.37979967836378,103.04406841961044,15.065765151344376,28.244706109208675
148.09087754547963,102.99570390777677,14.991838043370995,28.34143513287599
147.77247696913693,103.01129418181522,14.954369682315633,28.3102545847991
148.1080237021287,103.32985141806826,14.956443832986569,28.346307728947455
147.77244086561092,102.99075832503782,14.953875997699134,28.35076040668537
148.74968570946038,103.24705030190624,15.02065100853586,28.511931352460405
148.74576854202866,102.8831815217025,15.02848534339931,28.562396981008188
149.06929047057264,103.18452407752699,15.059590073127818,28.63786045617566
149.03228979591515,102.83730100191953,15.133591422442818,28.652514079400184
149.0170447995755,103.1450538380823,15.164081415122094,28.71828738241352
148.98208173205504,103.49379081694909,15.234007550163023,28.70358334026252
148.97235736750721,104.41740379198464,15.25345627925867,28.907618786438583
148.58967443869352,103.68150406847957,15.33173288556061,29.00523973079777
149.27875087720508,103.1052870524324,15.333318224008005,29.46780465515683
149.61804533950473,103.29427320367324,15.351425253568676,29.78652830683513
149.58523500846687,102.53284849970335,15.417045915644396,29.906002139209026
149.57606220347367,102.74178077364346,15.43539152563079,30.19270955775039
149.5489909020003,102.64639340028373,15.489534128577553,30.38348430446985
149.53463982178013,102.22059838545769,15.51823628901787,30.52224731511248
149.53055087968087,103.24421714944017,15.526414173216384,30.621080797381893
149.84981948549617,101.77811110132575,15.604823983970737,30.685504804071037
149.12862810758878,102.82722009892315,15.608716405487783,30.74502231032285
149.47384569125475,102.43946013039945,15.638466139053214,30.80035734647285
149.46588538164468,103.51122967611454,15.65438675827337,30.821347364181502
149.46537970721414,103.1756282620853,15.655398107134438,30.770457922764656
149.1029846887798,102.83784930729966,15.65882449404437,30.724652182377184
149.44818080601527,103.20521227924121,15.68918339840795,30.71067737732867
149.42988840367073,102.49498130458959,15.725768203097045,30.688999377415488
149.0914347985746,103.98376209634509,15.681292471939246,30.596969559304892
148.72641716397317,103.26060340924472,15.692061821229723,30.60475509368092
148.3707285018672,102.50918788372394,15.683873320050632,30.668454493940423
149.0957459111174,103.51874211889849,15.674556654371806,30.810423252823767
149.1038321863121,103.50578731132009,15.658384103982453,30.836332867980566
149.0746680157071,104.23071866589133,15.716712445192476,30.831232083659362
148.71142427873923,103.11409293127312,15.719886992790775,30.894544773883457
148.34357781110495,102.70210061934351,15.73128385866482,30.994233328348226
147.9824866855216,101.2445849353146,15.727511825898288,31.005447560673012
148.32037027835366,102.64416473176792,15.777798177322493,31.11050211611998
148.29879715533107,102.94206824157834,15.82094442336767,31.243156845516598
148.29565631703244,101.44522337980587,15.827226099964939,31.312241844896793
148.2765252289978,101.4288557918872,15.865488276034206,31.344977020734113
148.2667097599683,101.78986136504864,15.885119214093187,31.356378667219264
148.26481919227032,101.77576280420467,15.88890034948917,31.38457578890719
148.6282431972851,102.13777274045897,15.896449856329614,31.394953433268608
147.86384839301064,101.39931695729787,15.955879457092363,31.40250499180459
148.5906339834809,101.44238623430113,15.973942066460786,31.31636643779807
147.82862384244197,102.14682925357278,16.028231115967838,31.377211631825546
148.9127402263961,102.86664101217164,16.070082037527982,31.41097724094005
149.2695044102976,103.61584598997949,16.09446536127651,31.38839066842744
148.86901978055687,102.11968365164199,16.157433812587236,31.428712112419475
149.9839043190045,102.78421011567536,16.146698428782692,31.57901497974656
148.81730253341135,101.88989687816431,16.25480815520896,31.884245558261927
149.53852585395458,101.03054633660761,16.308440640117354,32.10686751538044
149.53631800438245,101.35670654403937,16.312856339261614,32.20677643086166
149.92019073323,101.65078022698532,16.298880927868915,32.372399111272166
149.48593579962952,101.21671668752198,16.411435415489326,32.48457081061827
149.42217378641112,101.5525716131983,16.538959441926103,32.57240486117741
149.82359081367613,100.99082907199644,16.499159078065585,32.932856252911634
149.81602797819184,100.89990259238857,16.51428474903417,33.11470921212736
150.19540373930505,101.25086327085003,16.52608418559482,33.183338813991455
150.50422115423513,99.76242022662213,16.680209062719463,33.07318607450796
150.12430491516665,100.89131866676126,16.667228992670115,33.13382683878863
150.48143905047982,99.69379966259002,16.726437268762055,33.20843520697614
150.51887789722772,101.25877420841393,16.651559575266294,33.18085786488601
150.51892325332054,99.32192318018257,16.65146886308067,33.1850876781641
150.11892988164786,100.10501075029799,16.67750078146595,33.166822187853384
150.880532951032,98.95122385556773,16.702569501904456,33.151983688503684
150.51140978716464,100.5328379586048,16.666462418932227,33.08616912525737
150.51436956780933,101.28385140507635,16.660542857642813,33.12967257805052
150.11897511946708,100.93035837433726,16.67803164785466,33.063358533056004
150.90920978867965,101.26704386206937,16.64282418018528,33.16261849296966
150.50095709692428,101.26995077366433,16.685853294634015,33.15680466977974
150.50820446028914,101.60049007074298,16.671358567904285,33.26986116517283
149.6993516960873,101.59314001033854,16.737983606726477,33.284561285981695
149.67446001144066,100.77179103148262,16.78776697601972,33.37344392117654
149.25443578831383,100.99522440623389,16.848745182007114,33.7056474119403
149.2624764109175,99.71176576064235,16.832663936799822,33.917595711558256
149.231201213996,99.6209485150793,16.895214330642784,34.099230202684346
149.56889615836658,100.02017133538129,17.011378662175556,34.09233878235431
149.576840977129,99.50994892726251,16.995489024650755,34.319318732862186
149.17196891924092,100.60577995803109,17.008721942156345,34.51719026613665
149.2156803985236,99.67446603432231,16.92129898359099,34.7805489478562
149.64863909523402,100.46023020233224,16.857348123042655,34.81295367758126
149.61954270603295,99.63174469423218,16.91554090144477,34.8672673600642
150.00371693461886,99.6095769908543,16.95032554750574,34.91160276681997
149.99304720482522,99.16954382236683,16.97166500709303,34.98728411310083
150.0079221076795,99.97913142401444,16.941915201384457,34.979831039064365
149.9888169674757,100.3815437047474,16.980125481791998,34.980241708586895
149.97986548523727,101.18422622806351,16.998028446268876,34.98668709704939
150.3655563016462,101.66117224766677,17.032957204937663,34.83910544932942
150.3429056015825,100.42609536247932,17.07825860506506,34.89497682613742
151.14904059187117,101.59171016608322,17.078715716778607,34.98283785736601
151.08557055503357,99.97647514247653,17.205655790453797,34.98268625919892
151.44711198700816,101.13403890550426,17.292428724009483,35.09712612565789
151.4457677855161,99.37374876858159,17.29511712699361,35.36557133220552
151.86661186267972,100.08078583738565,17.270433565360243,35.58550637998516
151.81258492155965,100.89227553714923,17.37848744760036,35.60210502726498
152.18431794131556,100.05726847137765,17.45692958101194,35.62830281296133
152.18896512131266,100.06613122485483,17.44763522101772,35.610577306006974
152.54232398203422,99.99750374074692,17.564149638092452,35.74783227422278
152.52578708904252,99.62194434844236,17.597223424075807,35.67169123491898
152.528489476815,100.43924844678595,17.591818648530857,35.69052305668891
152.51631997275595,100.85914778807143,17.61615765664895,35.677626075517765
152.87639628171772,100.1462413813712,17.723140050612137,35.449168865144856
152.44680205622169,99.70429049544569,17.75668376364565,35.5074258990373
152.86184823829188,99.2813218792064,17.75366943296116,35.52628509805995
152.8778734988186,100.45539743864319,17.72161891190777,35.66003992018824
152.84439695985043,100.07363661914245,17.788571989844073,35.5948566933732
152.42292594572885,99.2342459555036,17.802604219789153,35.6158184240548
152.84158982248508,100.49099564950781,17.79473594839248,35.59069748239381
152.39865307562332,100.12635324256838,17.85165388017759,35.49102673433421
152.40911299217916,99.72490998191715,17.83073404706589,35.46543287568554
152.82263615899865,101.42489898346825,17.831431537502162,35.376430168884276
152.41570664886584,101.3482626059433,17.81883845557406,35.52970292393417
152.4107299613568,100.91812477989008,17.828791830592134,35.56149917183165
152.8096418258591,100.4648453037877,17.860085276332132,35.6389409492918
152.37851209743064,102.11153988757815,17.891552278583156,35.668721600134376
152.34942954440027,101.25445604054997,17.94971738464391,35.71934369293602
151.89577609091126,99.969966739771,18.023504294184523,35.78776230218173
152.6814156695727,99.79131755103376,18.123820693193498,36.145060679656225
151.80735007534267,100.10546585056447,18.186420946569708,36.35952954813672
152.61976937487137,99.51889684491243,18.255559745076425,36.68567886065872
152.61447485672207,100.66468783303941,18.266148781375,36.95297520134555
152.6073070967518,100.23139754778482,18.28048430131553,36.96250219402703
152.60436474929057,99.30516741071506,18.28636899623801,37.10007975335374
152.6080571165115,99.21913529085771,18.278984261796175,37.27214399306842
153.00259283132786,100.94759492829378,18.35185581494123,37.26299664930755
152.56584681189776,100.02272111608256,18.36227469209292,37.38659795031285
153.0196334993142,100.51074562333795,18.319762286791672,37.27560990533378
153.02773687843248,99.56017534898507,18.30355552855514,37.45134841146643
153.03807215204404,100.03392586598135,18.282884981332003,37.36883584666975
153.03021806981758,100.82351724468671,18.29859314578495,37.51650086767138
153.04157519907494,100.37623577316339,18.275878887270206,37.545209495423705
153.48179583043466,99.41299589203493,18.261316916603242,37.73993067357578
153.4722210145423,100.19721296665233,18.28046654838794,37.90843675993931
153.87476185765357,100.51443044486214,18.346647967622168,38.14526490897645
153.85980086507223,99.59745291711175,18.376569952784852,38.22747816553536
153.80709394005382,99.87357188206292,18.48198380282166,38.55283150674127
154.67465953252193,100.23108770953051,18.515198906427564,38.72197299607715
154.67662883600238,98.56985990595791,18.51126029946666,39.38277186709735
154.59442949651037,99.4139416148639,18.675658978450677,39.4881741391294
154.59818910979234,98.39197335770616,18.668139751886713,39.72973725902511
154.9751984966485,98.30486548934662,18.81869623050401,39.9039529957442
155.43746191974324,98.2090765289768,18.80390994071049,40.09553091648386
154.9689435834041,99.04391974900531,18.82867321365196,40.250391275900434
155.40091245426632,97.51330468284384,18.879696557183088,40.56673815245667
155.36810339118657,97.91251959528572,18.945314683342595,40.68876650982422
155.3257501838929,98.51962019337525,19.030021097929932,40.39794657330458
155.73616375215886,97.61709623674848,19.129819125607685,40.36174415813871
154.81895396095885,98.9451103827597,19.120562526964388,40.47123013768132
154.83863123587173,97.52092070755785,19.081207977138597,40.54979213773515
155.28438901656597,99.43811253045763,19.11342302113181,40.41033091346214
155.31893725199444,98.88252581653342,19.044326550274853,40.599243936944156
153.91533312545528,100.71157454169314,19.080113152298864,40.63637535469713
154.86738633038308,99.29188641450133,19.025952311116068,40.700833256071505
154.85692973417076,99.70097813501486,19.04686550354071,40.80761561607476
154.79936322967887,100.01497370308572,19.161998512524487,41.106510369738714
154.242087522013,100.06664187045973,19.343300964790107,41.003174034990664
154.23369169180614,99.51870890106704,19.36009262520382,41.1641307220528
154.13647129944812,99.54090747905411,19.554533409919884,41.11973356607865
154.03189785011773,99.48816944821509,19.76368030858066,41.2252096277567
154.07213503645033,97.91946720487256,19.683205935915478,41.526199160506586
154.5027602198509,98.86216401899578,19.77041496243796,41.53772431890739
154.44224008376824,99.8919114497925,19.891455234603278,41.37852400111517
153.9184336750811,98.31546249804168,19.98913577164437,41.68162506361731
154.35538169215442,99.25883197820602,20.071294638857324,41.70699590600775
154.83132875075893,97.73329089406761,20.07725520528744,41.884514023367174
154.45661224929006,99.51195716634507,19.86613939124675,42.16937674672584
154.4731114369105,98.48055147837103,19.833141016005868,42.31014190091252
154.5087533755717,99.50769388494797,19.761857138683485,42.180852480209154
154.51446684202767,99.00455369865347,19.750430205771494,42.227762769288674
154.497375146467,99.56844684799078,19.784613596892903,42.05983013718725
155.39168013212574,99.45392592458941,19.91201268968694,42.28887198399
155.8847069594275,100.29835125226222,19.889523559531828,42.52715037754116
155.44526028525866,99.28151416690707,19.801774352633217,42.627539437778964
156.35151619885258,99.08239369582354,19.922403876672163,43.025780379946006
156.33313737758658,99.89261482983541,19.959161519204144,43.35428853134286
156.7101949978881,98.41557611143139,20.184943411874457,43.36867456833093
156.22880041436397,99.66260263584607,20.163677038108734,43.826788141943325
156.7128994887545,97.9523959741537,20.185827744793627,44.27615489893025
156.71899037803857,98.83593313164607,20.173645966225493,44.503619905996985
157.71257332515432,97.71159534099442,20.18720207267372,44.75157348662058
157.72650520764336,98.0599175929046,20.159338307695606,45.05912903917078
157.77548183648977,96.95559029568984,20.06138505000282,45.2514331851199
157.73268676155652,96.91463220373706,20.14697519986928,45.33334936902548
158.22737458289959,96.8400229875941,20.169535827466902,45.48256780131139
158.26646561143892,97.33910308548442,20.091353770388274,45.49890495115123
159.2330367660611,97.30328352096774,20.18492771436383,45.570544080184604
159.20836252379624,96.9602687686635,20.234276198893568,45.24052959551557
159.69845932830003,96.48250426493243,20.26620724075901,45.18393395210466
159.1388525331585,97.50876172974904,20.373556473116842,45.155147738321936
159.6311903694553,97.41576481655812,20.402212389870314,45.34114156470379
159.62583517043066,96.85198361838096,20.41292278791965,45.45216870582662
159.61635796624972,97.95596637851617,20.431877196281533,45.2808734730474
159.54896444891963,98.08269819063685,20.5666642309417,45.02740984880604
159.54077241454826,98.0916270727042,20.583048299684446,45.00955208467131
159.0171136339375,98.27049175681356,20.615475702097985,44.6518227164526
159.00639581374588,98.07809842903406,20.636911342481227,45.036609372011604
158.41945639283216,99.15741999429085,20.794563109691808,44.910420390731694
158.89689646846278,98.4245379739747,20.856834063325074,45.3590333264695
158.8982439622375,98.1046677202098,20.854139075775656,45.99877383399929
158.28586194509379,96.88820160604882,21.04488577904613,46.363671400287366
158.81722481487645,96.66240872376358,21.024824034377268,46.81525716485787
158.72895809976833,97.03746789684888,21.201357464593492,47.114008554143155
158.12990276925785,97.54241890538084,21.343161019935934,47.160413642757796
158.62529928185154,95.88980627108937,21.411838054644946,47.28722873165153
158.5611919490711,96.84193481338265,21.54005272020585,47.50800562929724
159.07528871044627,96.86283014578298,21.579832445723056,47.46621496449657
158.5073403750357,96.8780047626139,21.647665337388798,47.43586573083472
159.06127831074554,96.28374523171644,21.608601349824532,47.55557290877425
159.63342018417097,96.78611319630463,21.534184166052768,47.62070354267695
159.63888014415332,96.29006782333552,21.523264246088036,47.5432870602022
159.66815792663184,97.9375334504153,21.464708681131015,47.45292942600475
159.63995896309848,96.97457617843375,21.521106608197698,47.24714120581306
160.23032393834825,97.80380680962287,21.404227543638324,47.71638171531507
160.20506874074303,97.15157801932692,21.454737938848794,47.95222468045179
160.21388022428704,97.13340734010173,21.437114971760778,47.98856603890218
160.76743554579318,96.85949438103543,21.403146917837795,48.53639195703475
161.28909492997744,97.78673162930971,21.4403182355297,48.84289763260708
160.7297292957315,97.0678944020696,21.473462280370953,49.19498486343667
161.76795914610048,96.87407250220788,21.579547647987113,49.5826286631601
162.30012125901288,97.80410308629058,21.613981557661536,49.920083765993105
161.6869174121593,97.06613145498714,21.73613736751473,50.291775144746
162.20338483544148,96.28649146985052,21.81499169214131,50.73926594382833
162.12906589287994,96.22684852849616,21.96362957726439,50.85855182653701
162.55757098605866,95.56604559466984,22.230629661198257,51.05614742389835
162.5841729629093,95.49788153677186,22.177425707496973,51.19247553969433
162.57213563946684,96.07870367778916,22.20150035438189,51.163450235890984
162.621418965148,95.51933472396743,22.102933703019573,51.14956443463426
163.6934357210885,95.63022558192301,22.22026526723375,50.9277827187231
163.7415756732075,95.73373024914304,22.12398536299571,50.72077338428306
163.74167520059672,96.90910386612276,22.123786308217294,50.619717153425945
163.7889360589338,96.2539182263569,22.029264591543118,50.8067102719183
163.77937063718355,95.76341772602494,22.048395435043602,50.663292572457145
163.75350763180901,96.96770864880499,22.100121445792706,50.50007000320979
163.73178298244446,97.03942656986581,22.143570744521796,50.35663416108816
163.725559256718,97.0385582203132,22.15601819597478,50.35837086019336
163.6720624881222,98.05117807645603,22.26301173316628,50.57344977183721
162.975139671612,98.12373869901691,22.53169606799488,50.42832852671542
162.87715868591775,97.99101071044106,22.727658039383336,50.693784503867136
163.3909863240288,97.99634192829342,22.83508326886282,50.68312206816243
162.7079436858656,98.31694806588304,23.06435609882028,51.17872223935213
163.19063500101979,97.58966742098467,23.24700715560757,51.485249842053236
163.14415414421273,96.87190015714641,23.339968869221643,51.76509335909523
163.14827338589672,97.32266677558607,23.331730385853664,52.02494658349046
162.40714897452432,97.74555698822903,23.648965042462983,52.344180324340044
162.38836661899126,96.38839026463421,23.686529753529108,52.70807498005584
162.94007544836032,96.70457126780079,23.764274624551568,53.25687550348325
162.8979932632068,96.5264246420843,23.84843899485856,53.61316875491625
163.56896597866853,95.6891295011335,23.703635663773845,54.09061693697912
162.9095712084339,96.82141711745157,23.82091092005441,54.229070272720364
162.8753821845932,96.63478582258529,23.88928896773578,54.602332862452926
163.50776626400594,97.11956090330864,23.83672157520381,54.844983467299656
163.41686309266723,96.5831492752537,24.01852791788121,54.703018575559334
163.42146323276972,97.17564934773105,24.00932763767625,54.73395589193798
164.59221240091728,97.2294066695561,24.10027658903993,54.62644124828787
163.9090120188341,97.41095022199755,24.250409827295872,54.26335414340498
163.9122459282899,97.28230819081111,24.24394200838426,54.52063820577787
163.88048943525158,97.27641277413761,24.307454994460898,54.532429039124864
164.5102476310154,97.20140977098909,24.266488274564686,54.6824350454219
163.89917216283,97.0343672357019,24.268634216490817,55.01652011599629
164.5153189805735,96.75597557044298,24.261227449032987,55.57330344651409
164.44816709000685,96.66086836048757,24.3955312301663,55.76351786642495
165.67101888191254,97.09392278941947,24.425723823852003,56.13535709730971
165.64371631394988,96.28026803222667,24.480328959777324,56.51880013716484
165.60842361386852,95.35702388475877,24.550914359940066,57.11490633357883
165.5564726282255,95.92703958672863,24.654816331226105,57.23513105035282
166.12271350412067,94.44155516986515,24.78616628099656,57.67843648095817
165.45329943927158,95.6166629531335,24.852427239423758,57.87335525696337
166.66778553068937,94.31369367662744,24.976571784691643,57.926177081872
166.65185804338117,95.02131639274288,25.008426759308072,57.79044798125244
167.26138888170286,94.96833903741023,25.067479474124728,57.89640269191773
167.21993075495652,95.15849080699485,25.150395727617394,57.516099152748495
166.46839483893527,94.76052595487879,25.37682128843106,57.03538258575176
167.15215350095596,96.86625676792522,25.282968810174353,56.64491549701283
167.12005271390652,95.60398965404065,25.347170384273248,56.6367500093056
167.79042548799038,96.95338891680515,25.273784668038807,56.47267114764317
167.70073706044147,96.80588344469984,25.453161523136586,56.76768209185377
167.06455580149577,96.2706558054098,25.454401573229763,56.56701490263561
166.9987790119033,97.39360701376012,25.58595515241464,56.85757514843907
166.31145217451876,96.54007048409754,25.68584899909839,57.289888379678814
166.31356998314564,96.82101830512022,25.681613381844592,58.010782683252174
166.3078425445207,96.03507660777268,25.69306825909451,58.28949248619001
166.26383658916433,96.2933082105107,25.78108016980725,59.07044524593222
166.25909118581853,96.0210299765471,25.790570976498824,59.61500171385941
166.826738556402,95.55327661070106,25.97361211926135,60.550508445551486
166.75981700954912,95.27513822936494,26.107455212967107,61.10678520822373
166.63742697979936,94.16654685628865,26.35223527246666,61.978447677963075
167.1516105272631,94.10983083660392,26.68632346357528,62.09187971733252
167.66425377966925,95.33109931877416,27.03104157315932,62.38935198178472
166.9762299333751,94.5518817924875,27.02669060369845,62.56738837230891
166.91632448921706,95.1280945034505,27.146501492014508,62.79786194143949
167.55030465876325,93.51368087120677,27.26689190012317,63.249987711524966
167.5531959136411,94.14981445033301,27.261109390367437,63.37474135074961
167.55660931235644,94.17289086376259,27.254282592936754,63.32858852389045
168.89245289276718,94.9177073900152,27.378466306321442,63.236890908488334
168.07872386393063,94.15957925085905,27.60712269183692,63.35434551464299
170.13497131730628,96.24785467363085,27.70824027383597,63.39140715784973
169.3082132529075,96.17082484330456,27.95489883102703,63.54546681850232
169.93904625941056,96.12723338081227,28.106669729043,63.63264974348691
169.84726267468437,96.69258551659284,28.290236898495408,63.919318955122804
171.90078445418632,95.74023806470038,28.45747712256906,64.39925259788188
171.02277416184467,96.56664225873074,28.778833934900803,64.18110798217273
172.3812519709306,95.60920024585104,28.93618019859939,64.65884106699687
172.26211010464675,96.98104601314864,29.174463931167097,64.8088477925457
172.9233712205567,96.02341293847473,29.305154017320355,65.27090162392032
172.8795769124294,96.60689443130504,29.39274263357496,65.56615388255634
173.7781504032601,95.44579092365758,29.063635147591043,66.42032140217376
173.90051816901519,95.29145857354654,28.818899616080884,66.72898610239585
175.4747536715109,93.57774290630934,28.619998302152297,67.20684774580742
176.08196443970195,94.23343352865882,28.883758189063485,67.37364792440171
175.93764027869491,93.76895012751153,29.172406511077547,66.81735574136266
175.86643924897572,93.94056067721968,29.314808570515922,66.47413464194636
177.97378668569064,94.7641198681777,29.5396304124694,66.30685516515811
177.0983066445563,93.43160815471983,29.80922116060241,66.00913992380242
177.79380049686353,95.99272736515971,29.900017765396196,65.33225443114732
177.6307005795964,94.11565240707891,30.226217599930383,64.66577949558209
178.3637607277635,97.06004853586921,30.229648576219645,64.65519232849505
179.07209083650432,95.787071583852,30.282445398271832,64.2622321534618
179.18498471933236,96.98177830735776,30.056657632615746,64.80212859471423
179.9910414133798,98.23446001454641,29.91311698880212,65.23391066889953
180.61116764026704,97.65304118586026,30.145205872813808,66.39674832627182
180.55161401404683,97.33242823738195,30.264313125254223,67.03797422322843
181.27416490468102,97.51662112195217,30.32392397620216,68.1743010863043
181.07050077091273,95.80631905448968,30.731252243738687,68.55040095682045
181.6842708048596,94.56035623990076,31.03858182089708,69.50745694094616
181.6347325546651,95.12078389209358,31.137658321286096,69.94076099994307
182.36615765083778,94.09780355614134,31.23699591921168,70.42453388157664
182.27070747426873,95.50542247072035,31.42789627234975,70.75120015579333
182.91960752307105,95.23862820897045,31.70914456217872,71.28478867929311
183.5694903496285,94.98782811112937,32.001114056052174,71.78638887497526
184.20586308856605,95.45122506001866,32.332514791736,72.46374119075561
183.94628214496322,94.3788781984542,32.85167667894168,72.98863473998829
183.88172272916347,93.53270313874395,32.98079551054115,73.04444478386836
184.59608880663262,95.11163259835865,33.191680572159825,73.16582029775293
185.28700230125708,94.88669712424874,33.45493391527097,73.61569124597276
184.3898791229747,94.00695393909942,33.59294720153589,73.71894454597157
185.10978647669535,94.82085934143103,33.81328562694232,73.75128687415611
185.81972817463114,93.90667613139624,34.05788619204198,73.91516933325447
187.37328223981405,95.36051091403917,34.2930772803025,74.34979898659499
186.39631283905095,95.41653735917903,34.5654286746172,74.23774609631525
187.97598024750445,94.1785058373142,34.775533439138485,75.02908934933075
187.9528393860785,94.78822899513574,34.821815161990415,75.50955298486569
190.3975564995837,94.4712700739599,35.055509671509,76.14347082721739
190.35855160643047,94.3615969881369,35.133519457815424,76.3628169988634
191.81282897199833,94.12138523845921,35.6761154573516,76.84324049821876
191.7424492345442,92.88628733420828,35.816874932259864,77.5713792383832
194.14472382802927,94.45967732391067,36.27766609274603,77.93482615728263
193.86980458771532,93.38680471521596,36.82750457337393,78.3121113560195
195.05057669872164,93.99729105534323,36.249517075363634,78.87469539976736
194.99633104841445,92.91011660614394,36.35800837597802,79.26740261333774
197.71088288636253,92.01493961776355,36.29665963502331,79.26850494511805
197.78349698027182,92.2158014973505,36.15143144720476,78.86678118594413
198.6952438910996,91.27420799083204,36.10774660347113,78.9701592210591
198.70590715838685,92.25260879945324,36.08642006889662,78.79390415933251
199.6041883913292,91.49105612694635,36.06746834653019,78.53939876082806
198.64526916814452,91.05491361961194,36.211728292214325,77.63810527481174
200.43621557174342,94.37870409477185,36.155812130341914,78.04247761514267
201.34296097291036,92.67681903473023,36.11021769011043,77.91045501102113
202.97092327201722,93.29591384630949,36.384648963374474,78.43744332360146
202.94161623800264,92.62924559807496,36.44326303140359,77.99313441455666
202.97187188353672,95.55316264292682,36.38275174033541,79.2341093938485
203.086996182661,93.63997642268683,36.15250314208688,79.48208011228427
205.7107284493685,93.68117724164131,36.2713509105409,81.18844924166503
204.63556073868872,92.67974691056565,36.606052472361604,81.37567604427751
207.3415023422959,93.79625403907042,36.66686457868787,82.79112532962836
206.26970847992294,92.59424438363214,36.964614420759936,83.349306757831
207.35673207400305,91.78744516665583,36.64973922054639,84.96290519178365
207.18787969792737,91.4991635543922,36.987443972697776,85.5394684163109
208.2384698872732,90.93094489351198,36.777570017525896,86.67590573807135
208.37466354889716,90.50372021220072,36.50518269427794,87.53035510069387
210.20232978110374,91.01560375958155,36.67294850650142,88.41813714425052
209.17561054435524,88.7927375960722,36.799044821668915,89.00918515461021
211.73968032844994,90.46617181264864,37.48523810061394,89.53853861954696
211.4563936228783,89.38230956599547,38.05181151175726,89.74832907604676
212.86835394096312,89.90921234147368,39.169902618782864,90.66552939668799
211.5365796667201,88.06584371527256,39.8294072976289,90.34417890981005
215.35459531346442,90.92167179817618,40.23745495598652,90.66558195788755
214.2112316864962,90.0925431438324,40.50131976018596,90.30097681683807
215.08386380260217,90.85140107662087,40.77826707286533,90.80547249615245
215.10528839020805,90.75742869543875,40.73541789765356,90.9934172585167
217.78445159710952,91.60662706519938,41.48621498185015,91.33139501832864
217.67454309703655,92.60543857131324,41.7060319819961,91.38823426805658
217.41330527166542,90.29018372690747,42.228507632738356,91.90046017646355
218.24911356811836,91.0479147406749,42.632631794567835,92.46073890366407
221.200153038103,90.56489062427502,43.00344231724903,93.4267871364638
220.15082786631064,89.27226900859884,42.990588805874786,93.9005265128572
223.58063826460773,88.32102774088457,42.48546942908875,95.80300904828573
224.40267314112674,89.1586555764873,42.978321860943254,96.26467556197278
228.81464402708255,87.55971623950185,42.76352882504087,97.31026705194137
228.11519911078886,86.13014418385067,41.998749642548276,98.00574214816376
231.95073331282407,84.73075761606998,40.80840389904391,98.64427439686978
233.13619960305863,86.2902051888015,40.585840060708634,99.82211673567437
235.58602333312325,82.99355734180693,40.008981087708065,99.93122969897053
235.17290514688432,83.44797055787141,40.835217460185916,99.02240326684156
236.81774307471537,87.16591055812887,41.854142806778405,98.0494250697086
237.85631049137334,85.13251099008028,41.93532328216268,97.7995935884054
238.55048144753275,86.71330953238548,42.703118822993176,96.79413395694431
238.48454805685176,87.02688454677222,42.83498560435515,96.16698392817082
241.66378229270867,89.32112798054803,42.92156613414613,95.87519639495572
240.66652085306487,87.47996873085484,42.77045109996756,95.26623906740974
242.8860238793808,90.37419761001468,42.59973403980281,98.0143592940242
243.21271694205626,88.66116462626816,41.94634791445184,99.26944456424198
245.61589858675651,89.85801937946368,41.495152853999755,101.23090328679935
245.94630232953267,89.23785000148777,40.83434536844745,102.47124204275116
247.25957896031218,87.57310277341664,40.411769180752586,103.59675942502926
247.51486566564088,86.20324014484207,39.90119577009519,104.12387950029276
251.37823704056893,89.0744234823321,41.01853046604981,105.01457090967074
250.38272039499194,87.64026950505487,40.765715537574174,105.63903064459555
253.77791857659193,87.1426498674694,40.72018316810712,106.6342699197665
252.62678360904164,85.50424382582645,40.76069539535965,107.6493242952044
255.6606290358958,87.52895787294564,41.52414965883827,108.15399294575727
254.55728995449948,86.14932290321906,41.43282024346635,108.61525530704587
257.502748772333,86.91621169743365,42.450865656524854,109.38446540152516
256.1046917872911,85.5731789490483,42.91467856047691,109.73822983216412
257.6908550826295,86.53351581220316,44.43373931239975,110.16324977715428
256.3106860078795,85.34504842909492,44.815127006387904,110.16123408785884
260.1543720944823,86.04394693974189,46.67062409791667,111.14915438274846
258.8122311561354,84.79956987580205,46.92196444642403,111.20496698244168
260.62264501858203,87.22926784166197,48.17754210821589,111.22197643740702
259.1380703014489,85.80015174268596,48.686036735043686,111.61955382792058
263.0514700614915,88.49353278716532,50.76077501244588,111.18356063770551
261.53896203468327,86.879362531862,51.280257994123886,111.90636807637365
262.32954130868103,88.88702571500376,52.224240862172174,112.94132454217797
263.36360860305246,87.05557787829659,52.71282345781093,114.04750303121074
265.7876190581591,83.5468751202067,53.02751752155227,115.90219357343594
