274.5,46.5,48.0,112.0
275.64095780233293,47.597190800974204,47.18686145892663,111.27439546164408
276.1838297034795,48.06000982223371,46.101117656633484,110.34875741912506
276.47082930796796,48.32734258524455,45.527118447656505,109.81409189310338
276.68507072642507,48.49349676375375,45.09863561074235,109.48178353608499
275.6725898587039,48.49590151634199,44.74263202551201,109.47697403090851
277.0360050660585,48.55340840106034,44.39036524528539,109.36196026147181
275.8677973208029,48.54122635839996,44.360147063142186,109.38632434679256
275.7032341573985,48.643912981312695,44.689273389950955,109.18095110096709
275.72834762592674,47.54532150096279,44.639046452894505,109.00878780389279
275.71165719356424,47.48335760928764,44.672427317619494,109.1327155872431
275.7406367392889,47.59167688623887,44.61446822617022,108.91607703334063
275.7813451820489,48.82662338657141,44.53305134065019,108.81038025900938
275.79840738286066,48.94834375654986,44.498926939026674,108.56693951905248
274.61104331575973,48.96380615142094,44.516548663461776,108.53601472931032
276.9601649903244,48.9669095197832,44.53225322257775,108.5298079925858
275.7395006806302,48.93600747259143,44.61641804322233,108.59161208696935
275.8036131154237,50.123066600399696,44.48819317363545,108.57704583967771
275.8168236233669,49.03910678254024,44.46177215774895,108.38790429651264
275.8979685589865,50.26939130152384,44.29948228650973,108.28119906285838
275.9411038253136,50.519894744063826,44.21321175385563,107.7801921777784
276.0039434070647,49.81524497044933,44.087532590353355,106.84881265782468
275.99207225054715,49.818640400487745,44.11127490338842,106.84202179774785
276.0128510007279,50.10999389680721,44.069717403027,106.25931480510891
276.0163437090667,50.24736182863164,44.06273198634943,105.98457894146006
276.1552353669271,50.067624359129255,43.7849486706285,106.34405388046483
277.4880709509139,50.029716597944656,43.431628433828244,106.41986940283402
277.6746946697997,51.20653139926764,43.05838099605663,106.37339853055424
279.0496867185087,51.27444983381231,42.60823819285493,106.2375616614649
280.5398614854171,52.35636165698633,41.91774663417207,106.36359599025072
280.718414453083,51.43364174443768,41.560640698840146,105.92969989555104
280.83354471056793,52.651238080489065,41.33038018387041,105.76121503842526
282.0772359373554,52.873888934723176,41.103161457640596,105.31591332995704
282.23353638480546,54.21716486677258,40.79056056274038,104.87905615437847
283.49168648948154,52.82767633524438,40.51207742885343,105.42021614196977
284.83309387191224,53.787516548969734,40.069857680369175,105.7411307308962
283.71975852426544,53.798806277907865,40.05927313567471,105.71855127301994
284.7645715675332,53.86231467221653,40.20638808248064,105.59153448440262
284.8570358342114,53.80447601658227,40.02145954912429,105.70721179567113
284.7731104760929,53.71872863271865,40.18931026536128,105.87870656339837
286.0186994977813,54.76810368945803,39.93950874117901,106.02133296911413
286.1603900710751,53.562665138486906,39.65612759459143,106.19328160980845
286.29569566664753,53.56130833194021,39.38551640344651,106.19599522290184
286.27112805287004,53.77407197928033,39.43465163100153,105.7704679282216
287.34363970627805,54.03662868064185,39.51586848033974,105.24535452549857
287.45203630329075,54.49662597242657,39.2990752863143,104.32535994192912
287.3734553990272,57.089209239129474,39.4562370948414,103.54636474059046
288.56574652254153,58.142489902141904,39.26639365272717,103.63454221947998
288.65468445863837,59.12756040318428,39.08851778053352,103.85699228691972
289.74554386621793,58.88700087551908,39.09937969621699,104.33811134225013
288.58601677012035,58.911053578381654,39.21876077686006,104.29000593652498
288.59257399075693,58.64330251930541,39.20564633558692,104.82550805467747
290.53360310849166,59.59674641456277,39.740733449701764,105.12719293895489
290.0987923085977,59.63436250364004,40.61035504948975,105.05196076080036
289.8773314480405,59.61086482242624,41.0532767706042,105.09895612322796
289.8797365076675,58.458165532174476,41.04846665135021,105.15867144688553
290.002986766673,58.75300943175793,40.80196613333907,104.56898364771862
291.24567732702764,58.67735619412561,40.55015086014992,104.72029012298327
291.4256563543497,57.538984418415964,40.19019280550572,104.76580661499483
291.49727649667324,58.311223292589574,40.04695252085872,105.44675135456839
291.5851200323337,58.35930102381838,39.871265449537724,105.35059589211077
291.6391105425427,58.25252387428516,39.76328442911972,105.56415019117722
292.94536078507,59.27602403583066,39.379985792604636,105.74635171662575
292.9263180296328,60.41444354433821,39.418071303479095,105.69442199930498
294.19670923009284,60.50781249805939,39.10214062068012,105.50768409186263
295.4786529655241,61.7239212688728,38.75473346982541,105.29194687024358
295.62561703624425,61.824528265466526,38.46080532838505,105.09073287705613
296.8043007692699,61.822487081738444,38.302370486007206,105.09481524451229
298.0295917098666,61.73981357089341,38.04791611866557,105.26016226620236
299.29796620853494,60.64367983948626,37.70505691214313,105.25853993820247
300.40602430007516,61.642791007800554,37.67659805311114,105.44797492562222
301.06852176160925,62.65703767481724,38.54145190592736,105.6093303674733
302.0352494901607,62.59859968785392,38.81580772707875,105.72620634139994
302.0272530278568,62.48212470085509,38.83180065168668,105.9591563153976
302.898729471752,62.15154783571414,39.30691206088568,106.6203100456795
303.8476165711629,63.191833259769226,39.64524636345679,106.77584769896222
304.80348513304773,62.053942355889376,39.977949460465595,106.80718928594337
304.95454734201644,63.05532563206708,39.675825042528245,107.05530844502016
305.0929919318289,61.92359345619971,39.39893586290327,107.06977818316923
307.0758280452926,63.282935123896706,39.92167346275397,106.59529976116431
307.19510403882043,65.04326263654984,39.68312147569843,105.32147993649286
308.23015781549515,66.03861698430978,39.83729367079973,105.5550509894237
308.1390461549619,66.90542903065295,40.01951699186617,106.05183010876009
309.3292389776377,66.66740325412185,39.879936884974796,106.5278816618223
309.35488179949533,67.65034497380606,39.828651241259514,106.80711539215403
310.4282400499904,66.90707667675625,39.93012933099472,106.04545739552825
313.74730878250267,68.03424179903031,40.00930846896213,106.03023268531075
312.7145889619366,67.51378687623608,39.834435951701465,107.0711425308992
313.74863338199106,66.20721286264923,40.01842878439479,107.43220888527068
314.9668901563206,66.12489940275302,39.842486662659,107.59683580506311
316.2275039597819,66.27001086808434,39.58101602154055,107.30661287440046
316.2730296155652,66.0092380098748,39.489964709974075,107.82815859081953
316.3373571611178,66.08841372226686,39.361309618868916,107.66980716603541
318.49702621628194,64.54596845269886,39.54619886482554,108.50258402702889
320.3381896804543,65.40783790714728,40.39861557963013,109.04621693970668
319.79620018275637,66.85431846634108,41.482594575026084,108.44380333059956
319.42404826463513,66.95891241775058,42.22689841126852,108.23461542778055
321.5579426073982,67.17299446485617,42.582642998539555,107.80645133356938
324.01175633785476,68.36563000223757,42.29897049148522,107.73315773573597
325.28657416834875,68.61242386505742,42.055183913294506,107.23957001009626
327.856681506409,69.56102143597823,41.50374916599313,107.63676483266421
329.14316691274183,69.74410452481473,41.22099367859592,107.2705986549912
329.2681107086155,69.85279694443902,40.97110608684869,107.05321381574262
331.6723937969671,69.48068579465597,40.70709417253035,107.79743611530873
334.30709046498623,67.7774838586535,39.99411741163229,108.9256316997436
336.6460913319704,68.48412040778766,39.87915537467132,109.79387844997899
336.8681020965876,69.5360279625297,39.43513384543692,109.98192949880215
338.98875522628146,68.09876387904771,39.76686137989549,110.56994076884303
338.9503858052908,69.44260733299545,39.84360022187678,110.18318542997113
340.21865229746965,69.51328778875092,39.603858223133265,110.0418245184602
341.31032824684183,68.42701718965156,39.71093575623474,109.923936284813
342.5572522863939,68.5485941297942,39.50777019109809,109.68078240452772
343.51610449677787,70.19611595268086,39.87359339991295,108.66926638833709
344.57045592969155,72.3533638547997,40.04056391287895,108.90611734168613
343.30176101767324,70.94978842957889,40.29587445336644,109.43118890857865
345.2854697167125,72.12329689355391,40.916869255518606,109.37837808074393
346.39223665260386,72.29685029751602,41.007984162881286,109.03127127281971
347.33669641804306,72.30731322153059,41.42037886264213,109.01034542479056
348.47204152023295,72.12785098343304,41.45812135872431,109.36926990098569
349.9571305805084,74.07559586833224,40.80220318516932,110.1023000251792
351.41297812491894,73.96444159025074,40.203461494377,110.32460858134219
351.6189714792349,72.61458768042121,39.79147478574505,110.71899305431319
352.53747850018215,73.08552418917645,40.25796890451331,109.77712003680271
353.5763504212774,73.02699406558804,40.47869866916363,109.89418028397952
355.79507303373265,71.8064287029469,40.64952415259909,110.03117565508886
356.7150950022823,71.96677330339735,41.11866041648623,109.71048645418799
356.62226011377237,73.19360518506839,41.304330193506104,109.56986608225304
357.62799411109813,73.19459788425482,41.60723232303244,109.56788068388019
359.3315583844636,73.27910710941356,42.839683648850155,109.39886223356272
360.2175789092431,74.57587648986191,43.407115575395046,109.14479644876997
361.3159161214832,77.24919502347664,43.55640765842949,108.49009239656985
362.4721085348779,77.48815082401697,43.583230697676136,108.01218079548921
363.518843881451,77.67496277540815,43.82256372258185,107.63855689270684
364.72250492782393,78.81864226082519,43.746926401599964,107.6828826936366
366.04555265367173,78.90809597658333,43.43180749632444,107.50397526212033
368.5279864073857,77.81860403856703,43.1125078347236,107.36017521523934
371.0016592395016,77.56370865620704,42.795199948584845,107.86996597995932
372.52193689758116,76.18996020869113,42.07133534224029,108.30077216517644
372.7768133925699,77.31403401721722,41.56158235226278,108.36255459781407
375.06919891733696,77.30940237065984,41.58015829308901,108.37181789092884
377.4191270073941,77.04967408664527,41.4845820352441,108.89127445895798
380.06396364596645,78.07149981602998,40.81066540458138,109.15550132342956
381.4593474919389,76.92859776547785,40.31943910935641,109.14176402781393
382.8454335988274,76.94731255559046,39.83775423056629,109.10433444758871
382.83262356718836,75.88976790138219,39.86337429384433,108.9381714474585
384.1766092465726,75.74144733946542,39.454740400912534,109.23481257129203
385.3705661981569,76.84859648214082,39.343017386325585,109.29670517452283
386.6436320761498,76.82744604210964,39.07193869680832,109.3390060545852
387.5321038035944,77.89638915816387,39.56574143187934,109.47186601243695
389.8242168848968,78.65408781469527,39.54469503556938,110.23805858252157
390.00328683174035,78.51395704101627,39.18655514188231,110.51832012987958
391.02632452881096,78.59943828600339,39.430153332056676,110.34735763990534
392.06746062781764,77.26176906812927,39.63953034459477,110.73104686510207
392.9524049733582,78.42748991853462,40.17056915333496,110.7005326641129
393.8441790244288,78.44657478772464,40.69712739911007,110.66236292573285
395.98290231579546,78.38680260887867,41.05783427401813,110.7819072834248
396.0449890152405,79.24051265853709,40.93366087512799,111.40178547253697
396.8469941769853,79.07873878855818,41.66358368335421,111.72533321249479
397.93981694308656,77.75007171570412,41.829673356476675,112.03093215287785
397.99786449647604,76.55096971274463,41.713578249697704,112.07002891172738
400.1160044289149,76.96463003829015,42.19244839696869,111.24270826063632
401.06937863035637,78.06309834410821,42.640036638627464,111.40010829354193
402.0396406296416,77.869290305188,43.06415072463965,111.78772437138235
401.98172047857736,78.22385781227138,43.17999102676805,111.0785893572156
403.0530960230877,78.98101252939027,43.406947429966436,109.56427992297782
402.9616532375414,79.66519916117508,43.58983300105897,108.1959066594082
404.00321769926137,81.33779165033836,43.84227171838063,107.18628932184325
407.6816696586018,83.74999419379282,43.46191622325987,107.01291651730774
406.46597825511185,82.57785496700114,43.577053584716836,107.0409495253682
408.7889784909448,85.05862972487687,43.568453076298,106.71679997286381
409.98182379939124,85.05616271037144,43.49663701609517,106.72173400187465
412.4727095335637,85.29080703394132,43.14020001245257,106.2524453547349
412.4741243401411,88.35758391266451,43.137370399297794,104.71800422110519
414.0680473670478,89.8936272775963,42.22690795035658,103.92330109611397
415.4768234966135,88.99153812990993,41.65908049015292,103.47775459255897
415.79186982259256,87.86180584539889,41.02898783819483,103.50403314337785
415.8287081718254,88.80781646647998,40.955311139729176,103.83432706514976
417.3905188323174,89.69130924406025,40.057438655028186,104.29309034627221
417.61549498990945,90.5655835207254,39.60748633984406,104.76079514128963
417.7890769743521,93.36594086491587,39.26032237095877,103.58983821525783
417.68408217838805,91.33650879727921,39.47031196288684,103.26502097675139
417.7057872617981,96.8473185527088,39.42690179606678,101.00721912139817
417.6245945747456,95.46073416542491,39.58928717017177,99.46488606802959
416.45806743419547,93.70155085950756,39.7838659713061,98.70630171993247
415.3233801358183,91.99162712992558,39.92221340884739,97.8640948606702
415.16172887105614,96.24410560326999,40.245515938371724,95.72320878046867
415.01613550004845,96.97636294077444,40.536702680387066,94.25869410545975
413.92582591865715,98.54761520584589,40.63713349627521,93.19637792221128
412.8980622340382,96.62530190777665,40.62607805328521,92.90783889389405
413.0802264101972,96.37394572762352,40.26174970096729,93.4105512542003
412.03140108018005,97.15208894596668,40.29634300397483,93.9173221745408
412.08665385918783,95.96321147014433,40.18583744595929,96.2950771261855
410.8853588866227,92.6850345569537,40.48501980363288,98.64461577765366
412.08292548854,94.50761281030803,40.232511520659415,99.28470911266723
412.16104631030584,91.33268498954895,40.07626987712773,101.33985229378689
412.39567306660933,93.15700223559108,39.60701636452078,102.0395242638726
412.3737119303906,90.07641443065397,39.65093863695829,103.84907816099732
411.4049711069308,89.36639679561587,39.385839518276214,105.26911343107352
411.31894717400365,88.72406237161454,39.557887384130574,106.5537822790762
411.3110522659794,90.48912513726876,39.573677200179105,107.50302451541296
411.5048253927321,88.74686848679917,39.18613094667378,108.73397540862021
410.35268477345375,88.27493037688893,39.22624544275822,107.41368488596846
411.4466217584118,88.85557990827951,39.28437908075562,106.25238582318728
410.3948194468688,87.67714865089522,39.157550277130966,104.14838148453458
410.4683267118316,89.76591221143867,39.01053574720538,102.16885524994333
410.49161753301985,89.02152846246727,38.96395410482883,101.49065830074419
411.6036131436153,92.65609274255715,38.89635671096757,100.69071122255326
410.6931834036548,92.2057212908808,38.57352128351768,101.59145412590595
410.530139366197,90.7609740922855,38.899609358433345,102.33012222071358
410.2842905567818,90.27187456456628,39.39130697726374,103.30832127615203
411.09473276058316,91.70804108275654,39.96057903649901,104.8163011734475
409.7751257321549,88.73861710336685,40.37776990839616,106.31110276230831
410.9255013542708,88.22135307309776,40.3279861345408,107.3456308228465
410.98694785240286,85.91701717056615,40.2050931382767,107.42448808854257
412.37885187198685,87.39314999686303,39.68510948696047,106.73604682380073
411.0894949714163,87.5062063579803,40.01923442331775,106.50993410156619
411.01570059552967,87.58059005335963,40.166823175090954,106.36116671080754
412.29287710124004,87.81394322565276,39.860361911107226,105.89446036622127
412.37818407684847,87.60938672300489,39.68974795989043,106.30357337151702
413.3936954223423,87.48113457052095,39.8972014207787,106.5600776764849
413.1075164414623,87.81391959558282,40.469559382538804,105.89450762636116
413.09969413206767,86.91729816791161,40.485204001328064,105.44111099938031
414.2606132624643,86.03273022592191,40.40377835466529,104.96983426922918
414.2806344971554,87.14784033800474,40.36373588528309,104.97179923381978
415.43873197824826,88.71359784187467,40.279035725020954,104.07177902800356
415.3834586144307,86.86683888144361,40.389582452656136,103.33119497842233
416.76500526719667,90.50384350078694,39.83488037337601,102.68235941849107
416.8480629868279,88.99219417492779,39.668764934113426,101.32739804221035
416.97334199513733,89.43636904029516,39.41820691749463,100.4390483114756
417.9690508336916,92.42851682920875,39.57621763538216,98.75360952364048
419.4297437682983,91.71922047865895,38.782836064810766,98.04419792609801
420.6933280464698,91.00812483579443,38.3592921244818,97.36276459581296
420.89603968756444,91.33326058718384,37.95386884229253,96.71249309303414
422.0523199182955,94.16350560404591,37.71095474210675,95.19129578186269
422.18777377383844,93.65520609600512,37.44004703102082,94.16446948054352
423.3077903929589,94.22709800435487,37.22382479169063,93.020685663844
424.63740408451065,97.74091448803375,36.56808559884814,92.00351726726916
426.0371397377525,95.50201977902834,35.74575348086326,92.52702830828227
425.96252860992934,94.55009192696645,35.894975736509615,92.46093945261634
425.6062037267136,97.07691472203027,36.60762550294116,91.35063540107369
426.2591446909855,96.21491705329007,37.270191904345936,91.10618240860543
425.9086348012479,96.86170182581486,37.97121168382115,91.78934621387377
425.7491784569929,95.0234194887299,38.290124372331064,91.46780798558831
425.38398473112704,93.80353333503038,39.02051182406282,91.90750871505162
425.03884993985463,93.04996495882503,39.71078140660765,93.41464546746231
423.8498794932595,91.89170929785854,40.03534849474099,93.6777829843384
424.90691824784676,91.22459412302878,39.98419241462796,95.01201333399794
423.72465268613325,93.0839575245185,40.267422306260414,95.45588899460768
423.615124162217,92.52760267328652,40.486479354092964,96.56859869707162
422.5129062842612,91.34384384913417,40.578224482352965,96.82342571772473
421.53625324133685,90.25712379491627,40.41353257262721,96.87886783058613
422.3346416623046,91.66379389017763,40.93263253151274,96.18140444088431
421.26295119796276,92.41508697031817,40.96101399200545,96.79381774879423
420.2015701716033,92.22863676118237,40.95942157031544,97.16671816706584
421.0279280365514,91.23722109023348,41.43642058617182,97.01983476321114
419.7285669843568,91.28001467691621,41.89910605005131,96.93424758984565
418.4132894490872,94.3306179457978,42.38668537098842,97.26196830088873
418.10262182904387,90.82059136913087,43.00802061107501,97.81304330646859
417.7738901771123,91.56849299665642,43.66548391493812,98.4925029592944
417.50915026270997,92.77396989000928,44.19496374374282,98.27823828290525
415.95089668611377,93.3078852645539,45.10858284564685,97.21040753381601
415.32751084817795,95.8767075718528,46.35535452151855,96.47951631233113
413.6530772066696,92.9365477212901,47.48974996462727,95.71642049373284
412.28989995302817,92.98429619325496,47.99308954733297,95.62092354980311
412.0368114401915,94.2118869299691,48.49926657300631,95.39607046323407
411.6976055381203,92.8838543558465,49.177678377148744,95.81635654519602
409.9712844491316,95.1875677478334,50.37667443215043,95.71622200717334
408.60711901951356,94.59480894228321,50.83219737243857,96.90173961827372
408.4101410056043,96.19251102600842,51.22615340025706,98.30246425485241
405.8820773020411,95.33343903898754,51.631434874032365,100.02060822889418
405.6885220776374,94.43840190991779,52.018545322839856,101.81068248703366
404.28488026225483,94.85414195005595,52.435258212151,103.36977314821132
403.1843687971067,93.34851379171252,52.215658265126834,103.96040658757778
402.0845320201463,92.71010173319526,51.989849501860625,102.81174838742524
402.3386301572311,93.20183540580082,51.481653227691055,104.23303269640198
401.1903083602217,93.32729741224925,51.361531316003294,103.98210868350512
402.45648973639214,93.47673694249751,51.2401821668999,103.6832296230086
401.1034753115385,92.8725170808683,51.54167198039069,102.48713031005047
398.72135760592073,93.79763348308916,51.52140640502462,103.02914799890955
398.7162933844827,93.82874494532007,51.531534847900716,102.96692507444772
396.1815618481004,93.3509384749469,51.80279478535175,101.52343644753722
395.02819627494097,93.41884945483511,51.72689000339544,101.38761448776081
395.15938424739494,94.42919963848358,51.46451405848743,101.74624857833132
393.9073822428582,94.51439225374787,51.58845566805846,101.57586334780274
391.38215518412323,95.65184323046456,51.87949892862224,101.68066682282247
390.23373225764095,95.43163608020743,51.79007962996384,102.12108112333675
388.85824743796564,96.62597925897731,52.14987037728888,102.12357365782266
387.69395705680034,96.03849696075847,52.081025898944134,100.90111301358507
386.58676137213496,96.19745882507661,51.91711596411262,100.58318928494879
385.5368007631407,95.23694822740087,51.64622627533995,100.1333995735391
384.427079064102,96.39757202190737,51.506127692328405,100.17169396561513
382.3678875584084,97.2588156102646,50.90913064486972,100.80689681832354
381.4756409635465,95.72206122735706,50.33692125447563,101.52370300402069
380.47284781401777,95.83278792132329,49.98520936608423,101.30224961608823
381.933806073905,96.85165273471888,49.411257039448245,101.61248418243551
380.77923581521884,97.39265561965891,49.37785850396099,102.87301746541505
379.6228800796714,95.60683393621298,49.33020868777345,104.08429954502458
378.50824598043346,94.95031442007517,49.182279909836154,105.39733857730019
377.126737543724,96.15864052178014,49.55155324621539,102.98068637389024
377.12545207848626,95.22656377145321,49.55412417669085,102.47988525169932
377.2354977720414,94.68263872811931,49.33403278958053,103.56773533836713
376.0176273839309,94.3810777374382,49.400041356137805,104.17085731972935
374.87175590946663,94.64798615491168,49.31210821524587,103.6370404847824
373.79046447400174,94.10892385391227,49.10433023125013,104.71516508678123
374.002164126867,93.50837781230159,48.680930925519704,105.91625717000258
374.0496970017714,96.0705821601157,48.58586517571082,107.96942530131409
374.116439977213,95.03367232394709,48.45237922482765,110.04324497365133
374.14853097271515,94.7655979452646,48.38819723382333,110.57939373101631
372.82264730737137,93.59058305599056,48.58489955032566,110.47435849537911
371.3215457728591,94.52452034465874,49.13009318648362,108.60648391804276
370.34005171742024,93.78803599825508,48.653586300328996,110.07945261085007
370.6453869890611,94.58550102941052,48.04291575704735,110.9370171127423
370.8511273302827,94.04872998144847,47.63143507460411,112.01055920866638
369.6190278583761,93.4455359383094,47.63322403260483,110.7545373091321
369.6740235254781,92.45052320161366,47.52323269840092,110.30028728515695
369.93322871375864,91.94599509821126,47.004822321839825,111.30934349196177
368.9227813305186,92.57490627523309,46.58453816956292,112.49270005667509
367.76238543382914,93.81363116903532,46.45451950757907,112.46606072443336
367.64563152979474,93.96077854064362,46.68802731564794,112.17176598121678
367.655972020078,93.85771338510611,46.6673463350813,112.37789629229178
367.5518559511135,94.62810160829201,46.87557847301033,113.28774429654953
366.1226960420116,94.6779019695002,47.26644527460513,113.18814357413315
366.0616335688574,95.27363102624595,47.388570220913536,114.46964079636658
364.83723578657373,93.78314839007359,47.34374503405571,114.95698531728618
364.86689083149827,93.67962237553958,47.28443494420662,115.1640373463542
363.60570614665534,94.0273022366988,47.30501768494571,114.46867762403576
362.45693230449245,94.22567213433138,47.110443032703174,114.07193782877061
361.10245846260375,93.54031868458227,47.33645000141267,112.9597040132009
359.8991014277246,94.84429531406153,47.272265604276114,112.8226492211374
358.5925950056635,95.29726489454953,47.417497667718344,111.91671006016139
358.4601922391216,95.30051671227058,47.682303200802025,111.91020642471929
357.3201369568885,96.63198842989456,47.50055450748549,111.70912224725402
356.0559412430955,97.10218623219166,47.57321039935067,110.76872664265983
354.58206045309424,97.50715849992949,48.077551811603826,109.95878210718416
353.2564579600528,98.55305880596526,48.28815935364197,110.3075789391574
351.9253003838129,97.74128755759304,48.50111101485332,109.48175794463349
350.6929326215026,98.34602435678008,48.52470217070514,108.27228434625944
349.201971060446,100.3728277103811,49.082612309104064,109.06670360648593
346.6059641747989,98.24888739929209,49.38393720320812,108.4238953514737
344.1186927075778,98.10247190758912,49.47589112488136,108.71672633487964
343.12229029029874,97.83997569314002,49.02153419997997,109.24171876377784
342.0866625821531,97.63921524552997,48.64597728387231,109.64323965899794
343.5107478876176,98.56337934115487,48.24384198969641,110.2409467845012
342.3254768410245,96.78386403548369,48.16676719065259,111.3523605036136
341.2285627074657,97.61573160119231,47.89824344055252,112.15097738941401
340.17199149678214,95.99357902643449,47.542224607045014,112.92612128405503
339.07494095416644,96.93195262717413,47.26226400638755,113.52343576846464
339.21324184488003,95.74616568603375,46.98566222496039,113.41728794523362
339.4791425973865,98.26786588299758,46.45386071994742,113.31644342124454
338.5107564061589,95.55680799113529,45.93026341063883,113.81781982144179
338.5808133796764,97.07718973659658,45.79014946360399,113.23532707446135
337.27719755769806,96.41831398694151,45.949998730595205,112.10569619680602
334.8368470243706,97.30631240956535,45.96280432322763,112.7636470885696
333.81151024322224,97.32165521831882,45.5698167994057,112.73296147106265
333.96841151312344,97.18577856181126,45.256014259603226,113.00471478407778
331.486676615611,99.17085502171263,45.35041409482887,113.90363182407427
331.2766800731236,99.20555558458406,45.77040717980364,113.83423069833138
330.0686271023402,99.20130898103656,45.7308566968633,113.8427239054264
328.9351132369022,99.68224776432373,45.54281121785574,115.33591954873562
326.50602832552863,98.3836311285188,45.45457508454274,115.45994984231538
327.67373176761873,98.13776616327694,45.592576718026976,115.95167977279911
326.5926896372378,97.9636653703469,45.27171294710969,116.29988135865918
323.9623942985521,98.73127078815551,45.56788763051873,117.24687852002312
324.08048262852367,97.00603608739979,45.33171097057557,118.19622641015968
322.9462961381271,96.75701832799854,45.08956534419539,118.69426192896219
323.0439031407137,96.80988376246256,44.89435133902216,118.58853106003414
321.7658123173747,96.93789108545602,44.94224454634802,118.33251641404722
320.60599300039246,95.78450596385018,44.75640578726532,118.13380926421169
319.35628968290024,95.67018797240493,44.75652682406899,118.36244524710219
317.97199841321634,96.13530088331792,45.02254245046439,117.4322194252762
318.0751382458841,98.58802225125919,44.816262785128856,117.51477859515921
316.9489806976693,97.50823959876425,44.57709703085874,117.18286304944927
315.9411445826029,97.54304511775672,44.110348688912225,117.11325201146435
315.72712004645837,98.64898006884363,44.53839776120124,117.3744094458121
314.39415001189377,101.05377183773192,44.71986507534502,117.53377141800632
311.60079624159323,101.41441062279354,45.326530476846514,116.81249384788308
311.720283658375,101.1908769723706,45.08755564328298,117.25956114872895
310.2901862869833,101.71992533640929,45.45506100759758,116.20146442065158
308.93138388927343,100.70981620460313,45.68858822627085,115.73760510751741
309.1125718894111,100.88410516505111,45.32621222599566,115.38902718662146
307.65037182247244,100.93794056025531,45.78052025780019,115.28135639621306
303.5778458088903,99.8229897687861,46.49557110048755,115.0345909176592
303.6351810186778,100.98563537695983,46.380900680912575,115.19517493034986
303.46181978513744,101.59604874325811,46.7276231479933,116.46049193631234
303.35889849304635,102.24909239233563,46.93346573217546,117.66495365874016
303.1694464344663,100.81647718607593,47.31236984933554,117.99862230725934
301.64880143589085,99.93079638511973,47.810531330478426,117.22685539316367
301.7015555680725,99.67946653148695,47.70502306611509,117.72951510042924
299.1407756014424,99.29207542438974,47.73407486662657,118.50429731462366
299.35856691274495,97.2228153187322,47.29849224402139,117.52695221193957
298.1282539935412,100.10283507855539,47.22302886363235,116.83909112988636
297.8878647506399,99.14794365464434,47.703807349434854,116.22403769874376
298.10122426937664,100.80403396865157,47.27708831196141,115.43638896859305
298.3868020782539,101.29834434078788,46.705932694206915,114.44776822432044
297.36404596145957,103.70380066464105,46.270278907102096,114.59918761800083
296.17696133560156,103.17108062815043,46.168860847472764,115.66462769098207
296.2451706649303,102.89851996725062,46.032442188815224,116.20974901278167
294.94118359929683,102.62186628304346,46.14589060018883,116.76305638119602
294.91412553778986,102.61838836797025,46.20000672320278,116.7700122113424
293.58575472804694,101.43947856180759,46.351167955277404,116.62225143625655
293.5552464340972,101.57146697360486,46.41218454317682,116.35827461266199
290.9492109491509,101.31764576926238,46.61736128961913,116.86591702134695
292.164364354874,101.24026086735944,46.70147157915852,117.02068682515284
290.8078837894742,100.65190439704836,46.896286174522466,118.197399765775
289.56061628484497,101.62696020745365,46.85226180943677,118.7858475193087
289.7985922154959,101.2248035820549,46.376309948134946,119.59016077010618
288.61878026947386,99.33305157368574,46.18665864977007,120.82438959643558
288.68699620881796,100.58095499022886,46.05022677108187,120.89217619601578
287.40496866093457,99.07636721812932,46.052166842938384,121.3392367163047
287.7306365168994,100.04451178582656,45.400831131008744,121.97151120057457
286.3246201747113,100.16650099586471,45.64696219426499,121.72753278049828
285.0305778504879,99.49261609358199,45.66820667890546,120.50846242125729
283.5415347553069,100.32463306985048,46.09654993919705,118.84442846872031
281.89214555467174,103.00566593326889,46.861780701867076,118.54945801908417
281.8288541075462,101.83377250298722,46.988363596118134,118.35023779729931
280.20286820726795,102.16565487928001,47.697931723072536,117.68647304471372
277.427673922912,102.42937348292948,48.15730516911078,117.15903583741479
276.0513977728467,103.52240649421685,48.36377610309934,117.5190511809821
274.5145618060397,102.9677248805556,48.88250285153893,116.0734692231301
273.1452526073564,102.13120461188527,49.07783531093182,115.20322382249714
273.2481144403696,102.4056230514908,48.87211164490545,114.65438694328606
273.15185612818766,102.64294365018762,49.06462826926929,114.17974574589243
271.4515176132763,102.24561337701005,49.946174896720336,114.97440629224758
271.1466684873856,103.12625619592406,50.55587314850164,115.75932121614662
269.6084344793884,102.65580425409908,51.06401771985736,116.70022509979657
269.5025002532624,102.7426614324535,51.27588617210934,116.52651074308774
269.2856198241004,102.80258440555116,51.70964703043327,116.40666479689241
268.00453013774387,101.20901587136552,51.67379883750992,116.99577429962723
266.52925019111603,101.20067062223859,52.01841947438468,114.40652554150012
265.1503812692903,102.83962948543163,52.20174219743326,113.70302293571689
265.17900280698245,102.83980807428456,52.144499122049,113.70266575801102
264.0678971635985,101.99193870464667,51.80031608122092,112.83201016969085
265.58597032152727,102.33136425535314,51.311877419562876,112.15315906827792
264.14797183506454,104.89179593823303,51.658591355644646,112.09086177620553
265.50767239102856,103.66977729667832,51.47363855709604,112.0004507459355
264.1038286095265,105.16049434404158,51.75143026774751,111.54891250356161
263.1338235438783,104.87828131143687,51.163252618002545,112.11333856877106
263.26538764156913,104.42931224834739,50.90012442262085,113.01127669495
263.3454134052979,104.20630462405171,50.74007289516332,113.45729194354136
261.9354480652056,102.91091767219538,51.021813055009545,113.50987532691555
262.0108250292526,103.78757600918382,50.87105912691544,114.30046229084178
260.87705610472227,103.15565323063709,50.585870254957705,115.56430784793524
259.69204176543025,101.13585830688024,50.389871733626656,117.03787049553387
258.30103797844424,100.90907851534485,50.58797524270841,117.49143007860464
259.57915075804414,100.72958442756996,50.62571715187881,117.85041825415443
258.246520941466,100.43249873673643,50.691148097413645,118.44458963582147
258.52164828662546,99.62393990969659,50.14089340709461,120.06170728990118
257.40380479912216,100.04140082840743,49.75337734391384,119.22678545247949
257.4504999196316,103.15297569610397,49.65998710289489,118.21217964159348
257.62276080607444,102.95808174382712,49.31546533000931,118.60196754614716
257.6612935937551,103.21814552663443,49.23839975464794,118.08183998053255
255.2190982616577,102.99067990713851,48.965584650156494,115.95816833518126
253.93568761019637,104.71323858514022,48.9893137541872,115.05614317806985
253.97487761363524,104.92063056920088,48.91093374730944,114.64135920994852
252.55183992538014,104.74241369600946,49.23391938061957,112.47470321313119
251.42137644891406,104.92365598357438,48.997413616835345,112.11221863800135
251.54427060737714,105.16733177704153,48.751625299909136,111.62486705106707
251.503884687986,106.68937977450382,48.83239713869146,111.05738913178973
249.8432425715751,105.70439945276308,49.68386199067915,110.5575303944371
248.5389271153497,105.76547396809035,49.8149464939017,107.95783495455433
249.70436733445734,105.9842791788115,49.92613344789325,107.52022453311201
248.6391454901019,106.09234423126536,49.61893213271571,107.30409442820431
248.77021249120222,104.81632471741794,49.35679813051507,104.99787806441921
248.95833984676915,106.465685315924,48.980543419381206,106.4811039901044
249.3627658926063,106.99793019879927,48.17169132770691,110.22858445985091
248.5517844480974,105.80736449869916,47.34748845782258,112.60971586005112
247.88335155354568,105.63014386225815,46.21831520924087,115.4301961706183
247.7577505982286,105.81580815593081,46.46951711987505,115.05886758327298
247.67521311417877,105.88814655010151,46.63459208797468,114.91419079493159
246.52662054668858,105.42066623515043,46.44515939192485,113.36253359380349
246.62146885325495,106.29604118172026,46.25546277879208,111.61178370066386
246.77959310329157,108.1264746973958,45.93921427871887,112.8154227104246
246.9801888570827,105.71457119030438,45.53802277113658,112.75125506090667
247.4167163219127,107.91382337424477,44.66496784147658,113.22458090052658
248.78726913914483,108.54477272320908,44.3510014468666,114.38982144245219
247.4514789702228,107.76443630213356,44.58431605791302,115.95049428460321
247.35053448486278,107.15365128574234,44.7862050286331,117.17206431738566
246.09661165006256,106.3573629345658,44.80802787688998,116.2786181983952
246.33848417101913,106.43343198624967,44.32428283497682,116.12648009502742
244.92425979585747,106.11219707541761,44.69001141776352,114.30622974915492
246.10067211132122,107.9389232047256,44.78032525973265,113.09591596343557
246.13451551585013,106.2194386019757,44.712638450674845,114.10753401617387
244.71294597295625,104.52534239915707,45.115090006226026,112.61435136133792
243.5554550881173,105.24423035539957,45.00367167030684,111.17657544885293
244.97373540019493,107.8321903533969,44.570817666337035,113.21177531341442
243.64121926315516,105.70017114872122,44.81057888210111,115.05054266445038
243.60967912857538,105.98475135628112,44.87365915126069,116.93737675201804
242.22136551651923,104.91638095120355,45.16606166077243,116.5898928475726
243.45900138993514,108.38288274497344,45.17527075012588,117.11033176858861
242.18484210650226,109.31257333626714,45.23146875455002,117.74307114844285
242.33592470210962,108.656818528769,44.92930356333527,119.05458076343913
242.4701095134627,111.64936462023694,44.66093394062913,120.61629092444159
242.48498152811683,112.49219598779004,44.63118991132086,121.463774171811
239.91515802961328,109.98112103291808,44.68134935123872,121.39643652446574
239.93472172084185,110.5394146349586,44.64222196878161,120.27984932038471
239.84345729705575,112.90340889900656,44.824750816353806,120.60784000910445
237.12962332500712,110.91408194576694,45.180459866570345,119.51453502170298
237.18955737225912,110.84239088592324,45.06059177206634,119.65791714139037
237.300115260469,110.6418710995743,44.83947599564658,120.05895671408825
236.0721852068978,109.22689901017982,44.76695541163564,120.36052020172386
237.414780581157,110.16213777973928,44.61315903258728,121.02143703207491
235.8309740959476,110.19827060886331,45.242686474187124,120.94917137382686
235.6106628665422,110.14260032065093,45.68330893299786,121.06051195025162
235.57609601888333,108.5203743491549,45.75244262831561,121.74703216554674
235.62742662812292,109.37872066105952,45.64978140983644,122.5993585280523
234.25127939969582,108.4267483936372,45.822691383374696,121.923918579581
234.3153478271778,111.3876334261057,45.69455452841076,121.1477874746179
232.75479559237937,110.80441654316492,46.25627345933702,119.75483570182885
232.4347218317044,112.57143884714559,46.896420980686955,118.77027914402046
230.7871450626643,112.88776167878338,47.644771983884084,118.13763348074488
230.636695929086,114.02719249039654,47.94567025104075,118.40983120530507
228.95768835687238,114.29161762240159,48.743341522763984,117.880980941295
230.1339179842992,113.28387102724264,48.95779505180663,117.3295613477166
230.3416200103885,116.40053206955189,48.54239099962796,118.78452585964598
230.15729260819222,114.28976729935746,48.911045804020574,120.42968477608213
230.16083227543777,113.5955485678491,48.90396646952942,121.81812223909887
228.73200410342403,113.24519871863069,49.13510263803745,122.51882193753566
229.9882599495216,110.53458723123791,49.26332393250263,122.65857893900056
228.7932378646518,112.10260784904332,49.00833514433772,124.81260361919885
228.6986793453185,111.33012978610182,49.19745218300429,126.35755974508187
227.1959156775251,110.73558956234568,49.50591858476337,127.54664019259414
227.1249325232784,112.99082492358892,49.64788489325676,128.47551492937032
227.18925025172254,112.43855119806109,49.519249436368526,129.58006238042597
227.10522292257508,112.4060038038719,49.68730409466343,129.64515716880436
225.90223670310235,113.81658006396927,49.34021536493876,129.57706581727973
225.7495609378895,114.13747075575573,49.64556689536447,128.9352844337068
222.78187344442048,115.39043812903378,50.09669986144558,129.17147069757914
222.90311016545297,117.94882110573985,49.854226419380595,129.56191291269732
222.9647193851621,116.43957428941053,49.73100797996234,129.82554410016996
222.78855767341184,119.13742046672519,50.083331403462836,129.94272198939524
221.40498031060596,118.76705179885525,50.086044934347,130.68345932513512
221.20714144142457,116.99296904614552,50.48172267270977,131.45650048846775
221.23064431753295,116.98878192987918,50.434716920493,131.46487472100043
221.14358881992848,116.81784008055786,50.60882791570194,131.80675841964307
219.78571959311265,116.8627395219464,50.52393181866034,131.716959536866
219.6121627470437,118.18695760851875,50.87104551079826,131.86634478594544
219.5317702341897,116.60561377827806,51.03183053650619,132.22283688879574
219.31477362331032,117.7476435138181,51.46582375826502,132.75297656608484
219.33595214859616,117.46401113853518,51.423466707693336,133.32024131665068
219.3375008344667,117.38499102267107,51.42036933595222,133.4782815483789
219.32921272167175,117.37455253183359,51.4369455615421,133.49915853005388
218.04187066205606,117.3143838715734,51.171835105212466,133.61949585057425
218.08612817471825,119.19445966832731,51.083320079888075,132.6961077618896
218.36844060790065,119.36372394481748,50.51869521352332,132.35757920890927
220.06864524488955,120.54410699686767,49.92520771417689,132.8037348794403
220.23088180040332,120.50919519620533,49.60073460314936,132.87355848076498
220.32659124011977,118.86428972310758,49.40931572371646,133.36556523240435
220.332177344528,121.67916050189012,49.39814351490002,133.33862663230883
220.0288380237518,120.34447784936206,50.004822156452384,133.20717781750992
221.35228585667778,121.86126410891308,50.16779100106977,132.9834698088772
221.35210430488468,120.57052744648645,50.16815410465594,132.75535241081386
220.0671543376222,120.5484301230126,49.93172796558445,132.79954705776157
220.2724388100085,120.63685458411076,49.52115902081188,132.62269813556523
220.05241292905725,120.6261648110059,49.961210782714375,132.64407768177495
220.00681535197384,121.70175762161756,50.052405936881215,133.2938988171752
219.71139696461762,121.19610232520759,50.643242711593665,134.30520940999514
219.66759656274354,121.9591597529667,50.73084351534183,135.61619317705978
219.66955879753544,121.40690508465758,50.726919045757995,136.72070251367802
219.7163816410163,120.98141067310513,50.63327335879626,137.57169133678292
218.44876547435933,120.92879898745645,50.28478626922118,137.6769147080803
218.46870994978144,121.22620733612844,50.24489731837696,137.0820980107363
219.9655098081135,122.1842555994213,50.12099464050095,135.16600148415057
217.24140020022006,124.18176292616147,49.88916215753307,134.01101268004766
218.7445095809545,124.48858105518767,49.70224362999275,133.39737642199526
217.31226772331325,124.71026604633502,49.759588184414255,132.95400643970055
217.2591989772758,125.87604154500902,49.86572567648919,133.42427454857412
217.09696639836105,124.23035842442727,50.19019083431867,133.90517010545784
216.92519215054125,126.74428138616132,50.53373932995831,134.52373931241672
217.05328195229382,126.18308621103654,50.27755972645314,135.64612966266628
217.02907999044874,124.66224442275076,50.32596365014328,135.83808651112773
216.99545040999078,124.44671131038845,50.3932228110592,136.26915273585234
216.72089307507923,124.44984070730236,50.94233748088229,136.26289394202453
215.25224815160922,125.91286503414408,51.009080426139505,136.2073921900239
214.9988065931551,123.22940563461937,51.51596354304776,135.83240338622088
215.01587485236178,126.03790168298649,51.48182702463444,135.9648099045248
213.6320883040306,122.98431590395646,51.373415547168165,136.32001231432758
213.5292150104548,126.11426115325938,51.57916213431976,135.8183775731141
215.01897278325913,126.20017724721427,51.47528097419361,135.64654538520432
213.80027789484237,124.64286188287568,51.04136893838023,135.8898743012346
214.0343075462205,124.70453233945652,50.57330963562396,135.76653338807293
212.95662228170178,126.64398869596477,49.87189584840401,134.74440499131384
216.1774727715379,128.11108760615616,49.0891831298359,134.63970130148311
216.53592884469506,127.98052864969702,48.37227098352163,134.9008192144014
216.7344108584166,128.91513713356366,47.97530695607854,135.83622135082732
215.3301803082027,129.8431739693275,47.972985170458344,136.79093056534765
214.98935873689516,128.3497885356876,48.65462831307341,136.9533303903888
216.39487741389263,129.1141361996883,48.68265790203017,138.26370200533918
216.36913184514103,127.57395775883063,48.73414903953343,138.4857694523327
214.9393106535009,127.38846125476263,48.7313962103839,138.8567624604687
214.97417295884972,128.75812399692035,48.661671599686265,138.98507835344947
214.81349376154407,127.25816193958273,48.98302999429755,139.11679678589164
216.0013267254441,127.33747620859097,49.48328925921577,138.95816824787516
215.9887168026066,128.63658416847682,49.50850910489078,139.24269151770469
215.89429562028835,126.78720736682938,49.69735146952726,140.05418366442555
215.9211791542201,128.16058925026186,49.64358440166377,140.20969946472817
214.45967209992634,128.20924647460794,49.66307341881726,140.112385016036
214.4317918330899,128.5197024607769,49.718833952490115,139.49147304369808
214.55022965891956,128.64814787739704,49.48195830083078,139.23458221045777
214.584223680916,128.56916679405202,49.413970256837914,139.39254437714786
214.704517361714,128.63963936595525,49.173382895241915,139.25159923334138
214.7398439021807,128.74480177530143,49.102729814308546,139.041274414649
214.84953999773015,128.89466865722108,48.88333762320964,138.7415406508097
214.82310707598052,130.23257159060643,48.93620346670889,138.9344915206912
214.7722274135147,128.90850867100488,49.037962791640524,138.7101455462786
214.86165786993598,130.37573320479567,48.85910187879793,138.6468125693566
214.76857851049698,129.21097534552896,49.04526059767598,138.10936424104983
214.8351818932888,130.93318721045972,48.912053832092326,137.52760821449994
214.6956977581341,130.49261495192252,49.19102210240172,138.4087527315743
214.5249862571402,131.49191740346714,49.532445104389524,139.27973668109973
214.34482419835052,129.69457949002478,49.89276922196885,139.98618764348004
214.16634981460936,129.9007275411049,50.24971798945117,139.5738915413198
214.13608492702542,129.74641029729204,50.3102477646191,139.8825260289455
214.23386155237117,131.08180577913703,50.1146945139276,140.12267223349735
214.10669960613504,128.08456781624534,50.369018406399846,140.29549501747962
214.0592416556422,130.85374896230078,50.46393430738548,140.5929430275089
214.06327332884794,130.79890001479117,50.45587096097405,140.70264092252813
214.02338045510265,130.94105740791105,50.535656708464614,140.4183261362884
213.88905075852,130.95677928187501,50.80431610162992,140.38688238836042
213.89788112540947,130.94766359901593,50.786655367850955,140.40511375407863
213.9086797224172,130.96363962356008,50.76505817383554,140.37316170499028
213.88258701361875,129.47475336039346,50.817243591432415,140.42474758245658
213.84182130350925,130.8267461241432,50.898775011651445,140.6486308443089
213.76090397694372,130.93648556792323,51.060609664782476,140.42915195674888
213.75079808547162,131.03166824677086,51.08082144772666,140.23878659905358
213.84096314137898,131.00473856037797,50.90049133591197,140.29264597183933
213.879926692705,130.92021020586063,50.8225642332599,140.46170268087405
213.8706197554514,130.86890034598548,50.84117810776715,140.56432240062435
213.8552589057487,130.80474083225334,50.8718998071725,140.69264142808862
213.7505792888008,130.92986507265724,51.081259041068364,140.44239294728084
213.6832743027924,129.75791441127046,51.21586901308515,139.85339700910524
213.73162039175926,129.55892782790644,51.1191768351514,140.25137017583324
215.11260586848687,129.51619716972516,51.28805582734243,140.3368314921958
215.11860540549512,129.2425073352618,51.27605675332592,140.88421116112255
215.0385714449034,128.8616665233436,51.43612467450937,141.64589278495896
214.9934525495568,128.74983951534514,51.526362465202546,141.86954680095585
213.4702086997828,127.18747591901851,51.61148717199641,142.032911000855
213.49113609648066,128.7319684847775,51.5696323786007,141.90916538990297
214.8580813862901,127.10592607665816,51.798454141669126,142.1985378634543
214.71143251089939,126.77394397826905,52.0917518924506,142.86250206023254
214.6083823980287,126.59643275497587,52.29785211819197,143.2175245068189
214.20044487240978,124.87291238394103,53.11372716942983,143.66996760460452
212.51756003896972,123.20703832022818,53.463688594544166,143.98590749026448
212.36369644121788,124.56727158968167,53.771415790047854,144.29208703450672
210.78149723915618,123.1244066780682,53.89923381026513,144.14123647382752
211.92699710458763,124.81648739670021,54.64495615664838,143.79379711380966
211.86036308806126,124.78859321541398,54.77822418970113,143.84958547638212
212.04507734204444,126.35596616005877,54.40879568173477,143.76319560398085
210.7976681517032,124.8647823852479,53.863139132319546,143.70508822350484
212.50619896439696,126.85794848622396,53.47589851900802,142.74857703362875
212.49649965392328,126.89170792366119,53.49529713995537,142.6810581587543
212.3568359124068,126.93297678616642,53.77462462298831,142.59852043374383
212.1392169289882,127.06534391975741,54.209862589825526,142.33378616656185
212.25608173045302,127.07616078151851,53.97613298689589,142.31215244303965
211.991761136201,128.6181137207197,54.50477417539994,142.2401282132842
213.49224046150957,128.76287227948558,54.52416248501062,141.95061109575244
213.7961667125064,127.43309512861047,53.91630998301695,141.59362633986106
213.82545403134992,129.05087363293347,53.857735345329885,141.35856765716082
213.92183331813268,129.29840990361248,53.66497677176439,140.8634951158028
213.72975184995067,130.83272210915362,54.049139708128365,140.7803764756379
215.23658610010102,132.49759186274218,54.02668381266159,140.4418495732946
215.31165039801675,132.61777243020342,53.87655521683013,140.20148843837217
215.20520598211525,131.3886763817079,54.089444048633155,139.6798762955292
217.32224955080687,131.28243845103088,52.83148984219636,139.89235215688325
217.3318467812373,130.07247733374933,52.81229538133548,139.35568555789268
217.42728010280683,128.77284200787858,52.62142873819639,139.00640935959706
217.6387449413461,130.211763666764,52.19849906111793,139.0686706816136
217.71690976632968,128.86660134590966,52.04216941115072,138.82560904668935
217.958739187277,130.2674259067985,51.5585105692561,138.9510469883315
216.6058618433029,130.13271781055056,51.34409746822946,139.22046318082738
216.52996729737296,131.33853909854142,51.49588656008934,139.72897821096547
213.35692719531778,129.78840562494543,51.98160990267871,139.8990667273969
214.84226481873796,129.7507886157049,51.95231217665723,139.97430074587803
214.8601768620135,129.6640311958786,51.91648809010617,140.14781558553057
214.65121603031932,129.57951038234006,52.334409753494526,140.31685721260766
214.3633318082105,129.43588158198114,52.91017819771217,140.6041148133255
214.03463306721395,129.44497020193398,53.56757567970526,140.58593757341978
212.24663894392586,128.37225303964138,54.16379092271272,139.7515988944363
210.2476557865857,130.26147770069488,55.18326112863356,138.9516456810888
210.04687409910207,130.57150663519775,55.58482450360082,138.33158781208306
210.1879145023013,130.6672245272025,55.302743697202324,138.14015202807354
210.22395304832963,130.6629447473813,55.2306666051457,138.14871158771598
210.30128010638163,130.81961002968586,55.07601248904172,137.83538102310683
210.30097127156617,130.86509028040203,55.07663015867261,137.7444205216745
210.21013658283476,129.6443735791105,55.25829953613547,137.21989011224923
209.77847650621894,129.88167297648573,56.121619689367094,136.74529131749875
207.6876135124798,130.0807227040443,57.333156666833744,136.34719186238164
207.362987621963,131.72677572801865,57.9824084478674,136.04104186361803
209.09592560622775,131.7627525985556,57.50956225200315,135.9690881225441
209.23774647571744,131.54502136775818,57.225920513023766,136.404550584139
211.05033351501262,131.51323864807873,56.58562973134691,136.46811602349788
211.29721438141593,129.62766637815005,56.091867998540266,137.26482275692035
211.27115946617056,132.34961217885183,56.14397782903102,137.77523231010622
211.35697801236452,130.741433878108,55.97234073664308,138.00615318211115
211.50366355076798,130.50110638473453,55.67896965983617,138.4868081688581
212.96592388494338,131.70669380632586,55.74184951822603,139.06303385241608
213.27731121560507,130.13560193618997,55.11907485690266,139.2083983292195
213.59906221156567,130.09547716593107,54.47557286498149,139.2886478697373
213.986130162067,130.12872447946427,53.70143696397875,139.2221532426709
215.69440892914477,130.21643411784999,53.2474798559096,139.0467339658995
215.64389247858958,131.5751251220081,53.34851275702,139.28128619151667
215.509471931497,130.0263765738319,53.61735385120516,139.42166822504143
215.81915419763453,129.70579229537037,52.997989318930095,140.06283678196448
216.0271786070183,128.0634195277106,52.58194050016252,140.38555338585567
216.06501835066013,129.71180249324777,52.506261012878895,140.04795467126172
215.91870181775266,131.12938902833088,52.798894078693834,140.1657470087012
215.7102971052261,129.8271027112592,53.215703503746965,139.81039717073094
215.4688541745008,129.56477585084016,53.698589365197556,140.33505089156898
215.45578671374085,128.0010880507092,53.724724286717446,140.4839002315677
213.55166547060116,128.04396430950908,54.5518348289053,140.39814771396794
213.43600221782864,128.03375967109196,54.783161334450355,140.41855699080222
213.39785920914903,129.47282864209208,54.85944735180958,140.53959663214198
213.50154412067383,129.3690254013544,54.652077528759975,140.74720311361733
213.6755509806806,129.24236802378445,54.304063808746434,141.00051786875724
213.76593165228223,130.79716763308,54.123302465543176,140.88986697834756
213.7202636668439,129.44619107973676,54.21463843641986,140.59770441515641
213.8753030848748,129.78722547548765,53.904559600358105,139.91563562365468
213.984720511138,130.04466566032144,53.68572474783169,139.40075525398709
214.001592521267,131.38596152127712,53.651980727573644,139.68304664498731
214.023687718012,131.48602287653327,53.60779033408362,139.48292393447502
213.96350466811643,131.52680823532904,53.7281564338748,139.40135321688348
213.88833382822295,131.5740537131806,53.87849811366174,139.30686226118036
213.7573789479115,131.42452880202057,54.14040787428465,139.6059120835004
215.38887244098882,132.74542800057878,53.85340504717079,139.94009784542476
215.2900985208899,129.92190160588353,54.05095288736865,139.63587872095778
215.30619878119094,129.95803207824403,54.018752366766556,139.5636177762368
215.39829693302968,129.95545312987988,53.83455606308906,139.5687756729651
213.79769726779028,131.39154823714304,54.06578939577544,139.66655145623122
215.32326753567872,131.3961031591988,53.990166265723595,139.6574416121197
215.41158926260826,131.35677809767694,53.8135228118645,139.73609173516343
215.53465990122663,129.87091119462497,53.56738153462774,139.73583438465494
215.73753132889152,131.41240331036977,53.16163867929797,139.62041961773136
215.6009862614023,130.1899526789249,53.43472881427639,139.10669608630457
217.24758516962405,132.96693890909617,53.09768772951651,139.4650370893292
216.9095334542717,131.63783160284373,53.773791160221194,139.16800558210102
215.17246934149054,130.1992767731544,54.284798722744355,139.08199457844054
214.73965579504755,130.21918829827055,55.15042581563034,139.04217152820826
216.28253196313614,131.68180208221202,55.05063100896116,139.1029014898333
214.72286983540488,130.46617488387403,55.18490776741996,138.54910838950553
214.9280026010149,130.59300690390063,54.77464223619989,138.29544434945234
214.89496649313054,131.9193019493217,54.840714451968594,138.61135306759434
216.26389900873613,131.80464204621427,55.07707363231745,138.84067287380915
216.34546468690914,129.95028044801631,54.913942275971465,139.5676483302489
216.19613108427467,128.39514170699547,55.212609481240406,139.68863886255428
216.43106765513653,129.76744652974236,54.74273633951667,139.9403978097487
216.63123925292248,128.3211785393139,54.34239314394477,139.8413523091847
216.50473072172102,131.41530887577807,54.59541020634772,139.61906529588273
216.48330558776135,128.43978065245824,54.63826047426706,139.60147179409452
216.42835404299288,131.42652217460625,54.74816356380397,139.59766738036052
215.07732434360727,129.989399859731,54.463470953412426,139.48516000094818
215.0490580874985,130.35745833535734,54.52000346562991,138.74904304969556
214.74056232432062,129.35472129594697,55.136994991985716,137.78404882282035
214.49486867014963,129.5745927258149,55.628382300327694,137.34430596308448
214.2704410589456,131.12681604689496,56.07723752273574,137.2099015452385
214.27847852812917,129.68373192777938,56.06116258436864,137.11997135739065
216.02203985944652,131.27188798761182,55.54855577015054,136.91817508614233
214.4768446938565,128.6299769527975,55.676465998025606,136.277036949161
214.47147838697134,131.7109712288701,55.68719861179588,136.02608281500602
214.6032687495928,130.1630539289693,55.423617886553,136.1698272768802
214.76049239986958,130.1941338790611,55.10917058599941,136.10766737669664
214.4287585515642,130.30048120968053,55.77263828261022,135.89497271545775
212.5129300779574,129.15235316915346,56.65257568520849,135.23950925189664
214.24342626981982,131.95075128349168,56.14947262314074,135.55849166653437
214.60375270294008,130.33346544289276,55.428819756900225,135.83949934300458
214.69848141960202,131.7337695564687,55.239362323576344,135.98369302404402
215.08651583166,130.08588587141358,54.46329349946039,136.3359538240083
215.0331943935763,131.7316804715232,54.56993637562776,135.97910524250017
215.27579882200914,130.40353185694858,54.08472751876211,135.70389576753803
215.31780625822512,133.37540789008045,54.00071264633017,135.59791152267573
215.49292875314097,130.55073464352296,53.65046765649845,135.41554165712495
217.1774105762253,134.8029756064004,53.18848031991326,135.63198866012044
215.6119495534713,130.57831732788526,53.41757654527748,135.37582775671942
215.43661579385483,130.40772157263018,53.768244064510434,135.71701926722952
213.74210576871695,130.30445075018247,54.243845745927985,135.92356091212494
213.60570428931396,130.47228865634145,54.516648704733996,135.58788509980698
213.53123914812073,130.5677608684578,54.665578987120426,135.39694067557426
213.59077763898424,131.9908118195297,54.546502005393464,135.47566725737462
213.6987624240308,131.76970220572443,54.33053243530033,135.91788648498516
215.5917607985612,131.37566513968187,53.4708884772686,136.70596061707028
214.0831550207748,129.68575526397314,53.56578069601578,137.1634610316621
213.82913719640823,131.10562293943025,54.07381634474892,137.25431970384307
213.69916653309747,130.879003706206,54.33375767137046,137.70755817029158
213.75085195651752,132.00270983234503,54.23038682453036,138.41230625008774
212.2720031864309,131.4445988662168,54.227640481057094,139.5285281823442
213.8185625200535,131.18280733480086,54.11095778101986,140.0521112451761
213.6591024638341,129.67977992450037,54.42987789345865,140.07630106942565
212.11049503607614,131.18872167255722,54.539162570062516,140.04634775222397
212.18093713844456,131.11276343086837,54.39827836532569,140.19826423560167
212.44959117628855,131.13829839421538,53.860970289637706,140.14719430890767
212.93981643747944,131.05319617755018,52.880519767255926,140.31739874223808
213.47554973107367,131.07126957270512,51.80905318006742,140.2812519519282
214.02893872635246,131.0383304660918,50.702275189509834,140.34713016515482
214.36257603202827,132.55201588541468,50.03500057815823,140.24443739033768
214.57781025258663,131.13584788915824,49.60453213704156,140.16565151761415
214.7025396983839,132.53655780459945,49.35507324544698,140.26641886848932
214.51143018423636,132.5481852421715,49.7372922737421,140.2431639933452
214.33657397099384,131.3643590730306,50.08700470022711,139.70511266728192
215.58727262084673,134.58593998698393,50.48996440364154,139.0706648456156
215.79513277517117,135.0188172161618,50.07424409499263,138.20491038725987
215.86644041528544,133.7487158525888,49.931628814764096,137.8624366404306
215.78317610618205,134.05182604001345,50.09815743297085,137.25621626558123
215.34805748554282,135.9548523564341,50.96839467424934,136.3197008418012
215.32171370002678,135.93261222479765,51.02108224528145,136.3641811050741
216.96610178328945,140.3555941052362,50.60572315760226,136.13846858073535
217.14805129309116,140.25930854974365,50.241824137998826,136.33103969172052
217.19627374618443,138.7226158094864,50.145379231812306,136.5455351829689
217.34015074927552,138.46120702840352,49.857625225630116,137.06835274513466
218.89046232029986,138.45541130172114,49.619502734020315,137.07994419849945
218.8891790558183,137.84751704922232,49.62206926298346,138.2957327034971
220.27167529816882,137.83910040790278,49.73286506347477,138.31256598613618
220.17720352898976,136.20459353300498,49.921808601832865,138.70354379091663
220.18428513604567,136.18493574825644,49.90764538772103,138.74285936041372
220.25785040063715,134.9696339045013,49.76051485853809,138.28611014635754
220.08535240741946,134.9160885181283,50.10551084497351,138.39320091910355
219.8755295220003,136.21157024314536,50.52515661581177,138.6881726393729
220.0689835002331,135.849560726939,50.138248659346246,139.41219167178562
219.99121706172036,136.71185930696913,50.293781536371675,140.58869267680905
219.98880432982423,134.98751664596247,50.29860700016396,141.11664556273007
218.64721758508193,134.00813615227003,50.05341635906692,140.14704241953334
218.3785752543194,134.9580444104434,50.59070102059199,138.24722590318666
218.41284519166172,138.64351926061778,50.5221611459074,136.6615162346604
218.62799553233324,139.02353053390124,50.091860464564334,135.90149368809347
217.06901142197566,141.91301237015364,50.35979588520691,135.8225956157339
217.10687247948061,141.92131367327582,50.28407377019697,135.8059930094895
217.19261131693813,140.04774500436736,50.11259609528195,136.70099648572472
217.08809981691667,141.0589469638046,50.32161909532489,137.540444968672
215.7572770962418,140.65599552101796,50.105621513704364,138.34634785424527
214.1367329883266,139.39684574568454,50.46144264467016,137.97938032004748
213.79604489536706,139.64084609403295,51.14281883058928,137.49137962335067
213.8291717861146,139.6200454124434,51.07656504909413,137.53298098652974
213.59636170425654,139.67192787568274,51.54218521281032,137.42921606005106
212.01502490198055,139.6539773431428,51.80679119338414,137.46511712513097
210.50040017367107,142.34259526940215,51.932694762544585,137.8945730475292
210.50306237259105,140.93844070443092,51.92737036470462,137.79111286749566
210.42971008851924,140.7950639183798,52.07407493284822,138.0778664395979
210.33683724743287,139.15027117614244,52.259820615020985,138.45051015847437
210.2207991305387,140.79556789568534,52.49189684880933,138.08554418306744
208.9681860000619,142.3285837723647,52.07255665489899,137.94407888457258
209.1237494358691,141.062131704805,51.761429783284655,137.56198698885203
210.85386446360295,141.44094395707512,51.20511804270369,136.8043624843118
210.98721897472063,143.08287729671602,50.93840902046834,136.4035366278568
210.93899609874458,144.5623367228207,51.034854772420424,136.31710933956043
211.08168199301684,145.74227863036728,50.74948298387588,136.83021607489712
211.21405060923502,144.3880910334593,50.48474575143956,136.66339270522354
211.25195492770115,143.7647811164911,50.408937114507324,137.91001253915994
211.23802887485007,143.19743024420913,50.436789220209455,139.04471428372386
209.5491740883977,142.90899361814243,50.9132515087816,139.62158753585726
209.38649066409002,142.67225809152922,51.238618357396945,140.0950585890837
209.3555879799187,142.24217118785862,51.30042372573959,140.9552323964249
209.25241618760842,142.88256002496843,51.50676731036013,142.6186519196109
207.71321157800878,140.93716357630137,51.6134543653542,143.5377226527398
207.85619424477107,144.88566216798938,51.3274890318296,144.60110874715804
206.11971018323575,142.37497336188426,51.80365089433002,143.62887383822786
207.59937675392774,143.49938565644217,51.83585950407933,144.37159100024536
204.48271970848026,143.3800292545312,52.06368717184429,144.6103038040673
206.21605686034033,145.90614916665606,51.60729510742325,145.57862845841566
204.76511166670198,146.0250964226015,51.49333937555035,145.34073394652475
204.69947633286878,148.60155163343333,51.62461004321678,146.20858402502262
204.60351520150468,150.17768971734552,51.81653230594496,146.08146497415785
204.48454500602293,148.8702444223544,52.054472696908505,145.66953032742128
201.38132094982333,150.69806289877027,52.21041015791742,145.03914870028464
201.2577150090212,150.52215749010782,52.45762203952164,145.3909595176096
201.17069897537695,148.13740931770946,52.63165410681017,147.1318792982714
201.06633750219066,147.84143763714255,52.84037705318272,147.7238226594052
199.38437165956051,146.08759232384895,53.1354508793291,148.16265542687842
199.2469375617106,146.12375981082965,53.4103190750289,148.090320452917
199.27617772961008,150.58764509992236,53.35183873922996,148.41581349438093
197.61742184608244,148.78096606219742,53.58133476858165,148.9411558321272
197.6660915752512,147.1696251656378,53.48399531024418,149.064155128909
197.66569601787353,147.34484248758687,53.484786424999484,148.71372048501087
197.86717036056763,149.23940121648292,53.081837739611274,148.01928550498425
196.2538053281955,148.1993489936643,53.23111143858425,147.02193358485022
196.3847016318035,148.88315753474384,52.969318831368305,145.65431650269113
198.06378814603184,149.7177487002988,52.652747583026596,143.9851341715812
198.25213341919428,152.33598533036155,52.27605703670173,144.7726528989388
196.95591368173962,150.04329039599878,51.85204795804415,146.34159421409737
198.55127512294328,152.81475227029682,51.69251030193583,146.86104091809946
198.7275681429761,152.54992122182583,51.33992426187018,147.39070301504142
198.88871781283262,152.01192799042207,51.01762492215717,148.46668947784892
198.93599356950293,151.3503126484801,50.92307340881655,149.78992016173288
199.10397754742846,150.69182229180075,50.58710545296551,151.10690087509158
200.51318597057966,148.860822932795,50.844776026189734,151.69281217357644
198.83063138126258,150.33910493162455,51.120745428402344,151.82538795233884
198.80457423535054,150.3063635624722,51.17285972022643,151.89087069064357
198.7039387557506,154.46938838586965,51.37413067942627,152.85869021176947
200.2624528393858,152.18920122875045,51.37251796159549,154.30364907656826
199.97503676941238,150.81800987476637,51.94735010154234,153.91007785977047
199.9343735063959,152.5620535732777,52.028676627575315,153.5628515968347
199.8584038691414,149.79724746085225,52.18061590208431,152.8176623572729
199.8550029173036,150.44969741217182,52.18741780575988,151.51276245463382
199.9648175419458,149.96751700125228,51.9677885564755,152.47712327647287
201.65500699272815,149.82810290469854,51.70823049148717,152.75595146958037
201.49335630088797,150.00166041997656,52.031531875167474,152.4088364390243
201.20178571764248,150.21495839699378,52.61467304165846,151.98224048498983
200.9621021108256,156.20902460530388,53.0940402552922,152.4963263456487
200.71334584514358,154.44832929960202,53.59155278665625,152.87610524428646
198.90094126949526,153.43726230350305,54.060284403876025,151.74216170240754
200.17513118219568,151.58416122596773,54.66029842129321,152.29997001466018
201.38094910598392,151.1578830299861,55.4159036122407,153.15252640662345
199.47712698198282,152.7479653193661,56.03043580911218,153.16547387899413
201.10730504449785,154.57463505153726,55.97448968723298,152.71654441780262
202.6371346710557,152.4189664141578,56.11180461532316,153.8309075113557
202.4767278058083,155.54684464647252,56.432618345817886,154.00595658142134
202.63567588993953,154.20714035710824,56.11472217755542,153.4616598450608
204.48687414893624,158.99434516735528,55.62249740529202,153.51776546175682
204.4916950917514,157.4161938135514,55.61285551966172,153.47199421363075
204.38920777752398,157.38595869433567,55.81783014811658,153.53246445206221
204.46787866689024,157.46141399655642,55.66048836938405,153.38155384762067
205.90792160640353,157.7193126294606,55.98121550919733,152.86575658181235
207.34842212741304,157.3920673831509,56.299445735159,153.52024707443175
207.27606394613096,157.02249746935368,56.44416209772315,154.25938690202616
207.3190269409632,156.1082186390609,56.35823610805869,152.86040362180663
208.74773874419975,160.84425623031967,56.70677570222006,153.0062180411924
208.84396202934988,160.5892499451008,56.51432913191982,153.51623061163016
208.90226451616132,161.86740860119443,56.3977241582969,154.17808408057297
210.48160791782124,163.56011707739142,56.46457565040346,154.0182054236053
210.6266633329571,160.0732537821673,56.17446482013172,154.543016132486
210.56213041203227,159.59815910802467,56.30353066198134,155.49320548077128
210.45791608449974,157.52082056293096,56.51195931704643,156.40523288339872
210.12415772070824,155.87299711302262,57.17947604462947,156.44141523026445
209.7431425401497,154.16460143317215,57.94150640574653,156.58615171264705
209.6768569737916,159.03932814988843,58.074077538462745,156.70035836354202
207.8480199517427,159.35186452688697,58.43983766307315,156.07528560954492
207.81163734645435,157.84651835561857,58.51260287364991,155.79642684424041
207.7352452102171,159.4163445124201,58.665387146124374,155.9436390109562
207.71241481485936,159.36166250454892,58.71104793683983,156.05300302669855
207.62710287080938,159.43063928212098,58.8816718249398,155.91504947155443
205.88349754350773,161.37782836452354,59.073674627471355,155.31587915882108
205.78154308660802,161.88020053017962,59.277583541270744,154.3111348275089
205.70678925319618,163.70976429989975,59.42709120809444,153.9313168306665
203.98161197129951,165.7589655724509,59.60090714032772,153.1094529171243
203.7579580343367,165.87001072800086,60.048215014253344,152.88736260602437
202.21587064501097,167.8702130352376,59.85972364736084,152.1596241370948
200.76177965131515,167.7415910109276,59.509075637663535,152.41686818571483
198.96113028847782,166.3903298235032,59.85412311065985,151.8631393078852
195.71002528203243,165.3688614610133,59.84740026958006,150.65160960587983
196.27941035718393,164.68896928985717,58.70863011927709,152.01139394819205
196.62890491101277,165.9304156881406,58.00964101161942,152.7645808891044
196.96213850777127,164.29216329485817,57.3431738181024,152.80674716277582
195.34405644070935,164.78246630954973,57.35638621499671,151.8261411333927
193.76314492183525,166.87265494955827,57.309078960959525,150.85489414516098
192.39284498525274,162.2444176958551,56.855329911139265,150.52832188361145
191.20924051255628,160.68061597960488,56.041034178010165,150.4744206375899
193.2254963680072,161.00618243667432,55.17459035229177,149.82328772345102
190.23016913911937,161.60245566537193,54.883020786568835,148.6307412660558
192.0496994007858,165.81037374274632,54.36273425490628,146.4524530946478
188.8951310585136,165.0280447278333,54.51548942835363,144.93892036892532
187.3790187435112,169.00461355462784,54.48846032807115,143.10429017591088
186.12719138564458,168.58849356972468,53.95965978183892,140.90407488375172
186.3879990376057,171.81522901391264,53.43804447791666,140.4333673625261
188.09150019257788,170.34773239574162,53.006298290267694,140.39310447657277
183.68901659495364,173.840279948775,52.91052127619348,139.3418388433878
183.7124847983007,173.28762676626735,52.86358486949937,140.44714520840307
180.73095694793608,173.68602871702373,52.89639789883851,139.6503413068903
179.29280114877298,173.14569778845026,52.818423904752514,140.73100316403728
179.23639474026396,171.55650900447918,52.93123672177058,140.94100314446587
177.6768208784678,172.75676657323402,53.07696527507575,141.51390717724334
171.69818650509748,170.65133887324077,53.097212108625286,142.74050709893208
172.7372485154784,169.36977672934128,54.02128548428455,142.30143399031
167.7028523449226,172.85845440488214,55.05245863309629,141.34915810076149
167.3342972033206,172.04765163884187,55.78956891630034,139.95338922420711
167.00129302487574,174.16237627167874,56.45557727319003,138.73442728020024
161.90174543961467,172.23664028634698,57.640245964338334,136.5762815979478
161.50049674621332,178.9804591567592,58.44274335114103,135.06747655701488
154.99807776260823,181.35888876616212,59.49925721608211,133.29769836377622
156.27609420960965,180.42591490262788,59.923270955041296,132.1835994578827
148.72306774464357,185.53494552474967,60.17273144387312,130.87949367829933
148.76456728408786,184.28244921184614,60.089732364984506,130.4277502499127
144.3595629762615,187.7483882178097,60.05360100015105,129.39329889164304
142.8883512343138,186.00322108377995,60.062993064232785,129.9506017398889
138.8933500282913,186.86372651591256,59.22908139769527,131.17089556848455
136.67918616219856,183.3434740210956,57.768551136271526,132.3225425645092
135.67140420496156,179.5767754757273,56.8486781993874,133.98506595252957
134.49812209728742,180.54749354312008,56.25200263811212,134.98686959436756
134.95478109390154,177.8895796357221,55.33868464488384,137.35556317284914
132.22497464804172,184.34547101697174,54.868216901866944,139.26898199719125
131.21498733181704,179.35490835238963,53.904017280276456,143.28175881827576
130.047068056635,179.00407559315101,53.21536714558012,147.0079130218134
128.79410591466586,185.5554777067734,52.655877270404986,149.2321795901357
130.7950504700835,151.20606319501866,51.741045895675676,150.01573841931395
129.24111995579122,178.17772116744004,51.76730561082561,151.541246116295
129.21064575434374,153.80625237704874,51.828254013720525,150.6229510324984
126.26084799454273,151.7420135046733,51.54415341190581,151.65958071654092
124.81168543953781,181.13396957015226,51.34103643974444,151.80306814683593
124.92384946889575,181.00670833936448,51.116708381028545,152.05759060841152
125.00575336656388,181.0016567311098,50.952900585692305,152.06769382492087
124.87886533551813,157.1970239972203,51.206676647783794,150.1337029670261
125.02817550993834,180.6480985962869,50.90805629894338,149.33469153169594
123.4991309547315,182.51661846448422,50.909436373633696,148.65436083102472
122.0635867104054,182.20502445722641,50.73348661452545,149.27754884554037
122.02196594543688,183.2334941549746,50.81672814446249,150.27331899886295
120.49480968250825,182.92036905419718,50.80262639802099,150.89956920041777
120.40856371961124,182.85666210266422,50.97511832381503,151.0269831034837
118.7854166656308,182.96637189361326,51.139371183640094,150.80756352158562
117.2778756896235,184.27929213132134,51.07253773029754,151.26363845152667
115.74070053670093,185.326029276699,51.059696862934565,152.2573553339795
113.80613956109136,184.2139104414834,51.82771262154431,151.38048681180123
113.51855515766115,184.68589708537553,52.40288142840471,150.43651352401693
112.02132351153745,185.89672232107696,52.29769476554731,151.11451300771893
111.78131772730586,185.8463495528534,52.77770633401049,151.21525854416603
110.04054819603466,190.15722950251643,53.1416664312936,151.94623554061772
109.9724685242104,192.6930879871171,53.27782577494212,153.14377504476684
103.51689811838241,189.7528492530247,53.572196426546434,152.71586743292588
106.71260693787922,187.68791529952384,53.48765588971727,153.69229678884534
104.88093095391318,186.68258799616834,53.98517210166919,152.53711563957626
106.15061215303554,161.93881639852577,54.60419643844588,151.49047107451904
104.58854226428033,182.28614001747172,54.573683784890015,151.80630544048825
101.48379181372431,179.31711009189152,54.46595421254535,151.42713481819192
103.33667873719111,154.9653955177892,53.911423895767705,149.7106674839013
101.89734912023006,156.0455481989034,53.67342147898821,147.5503621216729
