588.5,261.5,60.0,136.0
592.4433408679888,260.4527924451688,57.16941414772471,134.06636716781117
593.3990060051865,264.27030828039153,55.258083873329156,132.3315190219755
592.6600140639814,266.25341376150965,53.84490842342438,131.25646739205433
591.5319362619709,268.0089608658564,53.250523205414865,130.59591400539148
590.5926431797695,267.9424513552915,52.29866913392239,130.72893302652125
591.0220686410287,269.49911257598905,51.439818211404244,130.43099909196246
589.8187198834705,271.00411911295134,51.05075919598063,130.21674254857766
589.8902323851809,269.8848903161206,50.90773419255983,129.66948536463485
588.6139046257244,272.05092607717995,50.68510223771622,128.11270131627268
588.7443936728058,272.14759687682255,50.4241241435533,127.91935971698749
588.5731614336327,271.84435629149135,50.7665886218998,125.78437046496434
587.5411416906531,276.07409112696405,50.11376977916211,125.47547578010855
586.4434044277255,278.6833552225052,49.60848048090939,125.65847523724264
586.7752261027163,277.69982540800106,48.94483713092778,124.93116654624832
586.9944452782175,280.55867504981796,48.50639877992506,124.55754118947709
584.6345773063374,280.3800451866812,47.90850382819633,124.91480091575065
584.8041681652519,282.9759662498468,47.56932211036717,125.02940537012358
584.7759097126898,281.4805867479271,47.62583901549155,125.37138926580056
583.300062397136,281.86601735183507,47.922836435068135,124.60052805798452
583.2382331770549,280.6977226784161,48.04649487523042,124.28814851200045
581.5729830855975,282.03285841831854,48.73029335322386,124.26457873711684
581.3023340587249,280.7371260490137,49.27159140696907,124.19742925499727
581.0122711784929,283.1892131206346,49.85171716743309,124.62791381738992
580.7664584771069,280.5778959417601,50.34334257020506,124.48277701903325
579.131529142897,281.88071739096017,50.92263689246171,124.56769846679646
577.5172788236471,282.95227184422157,51.44903234381273,125.12669474742248
577.6415915442726,283.0690860889933,51.20040690256166,124.89306625787901
576.6632886624193,282.9048703896785,50.44527392364492,125.2214976565086
576.8887539018552,282.6340553355928,49.99434344477292,125.76312776468002
575.9254923090415,283.84621152585373,49.21809600268191,126.04158601187672
574.8675037655141,283.9691652553858,48.64118300439529,125.79567855281255
573.8767225902417,284.1941630156525,47.94372725476783,125.34568303227907
574.0055806298565,284.3064715623025,47.68601117553811,125.12106593897926
571.5589435538892,284.78851282201884,47.27491078043211,124.15698341954649
571.6331618692888,286.2428689476784,47.126474149632884,123.87923805337434
570.4131681507628,286.1044149487136,46.942147373636786,124.156146051304
569.1768204396103,285.89431419116215,46.78987099924205,124.57634756640692
569.081346580053,285.64058818999507,46.98081871835673,125.08379956874106
567.5496809451139,285.3382632487269,47.40518144146344,125.68844945127745
567.4613302753397,283.8165042565988,47.58188278101178,126.0766915907939
565.9605995289091,283.5890418640539,47.91932180104874,126.53161637588369
567.171471019043,282.4892244065617,48.174195560133015,126.05463455151613
564.2806548057812,281.47461304032083,48.607119076209756,125.4095028287743
564.3885142310818,279.8049690129948,48.39140022560855,126.07593037220074
564.3238532938512,281.19524949597354,48.520722100069676,125.97392985283913
561.6484175824419,279.01659312866843,48.51275950074579,124.97240856530662
563.051703627772,280.71040867851275,48.37107747328739,124.24966752881994
560.1960519426913,280.0980681060919,48.778446500969366,122.82238150242188
560.1688937606674,282.3729406891091,48.832762865017045,120.91137012612455
560.2687274515819,283.62339676220694,48.63309548318815,121.02264958626589
558.7601560247747,283.96190519203793,49.040004612773615,122.95586645063254
558.6761360020608,284.6299930999245,49.208044658201345,124.2650173376997
558.6665234071073,283.0257638250759,49.22726984810839,124.80630994140361
557.2038354737201,283.05582876130615,49.47735044080162,124.74618006894306
558.6818628140833,281.5373026368881,49.20019697614049,125.10433110171422
554.5380788309291,280.3385798915439,49.45047535336899,124.82268006270948
555.9251824574633,281.5915639577212,49.35578954561345,124.99623337566771
554.4726643636398,280.33525383940895,49.58050065435252,124.82852853338416
554.430950204155,278.6325422772129,49.66392897332201,125.55202245312977
554.3111645745132,281.2330921039974,49.903500232605694,125.73857998737124
552.7303492072238,280.16360454607195,50.36433665514135,125.17676079117902
552.6975625704508,279.95253924794594,50.42990992868738,125.5988913874311
552.7581186688668,281.0190170570337,50.308797731855236,126.17411852083636
551.200091789825,279.69096421502155,50.71054986337439,126.11592257829629
551.25000519765,281.0347564125113,50.610723047724306,126.14897226115659
548.7882084069229,279.7591999667104,50.09565848536806,125.98075608085293
549.105089289873,280.00885923949596,49.46189671946756,125.48143753528186
549.5443892237056,279.6744930147744,48.583296851802615,126.15016998472501
548.5443924646494,278.55495778441764,47.90022001881109,125.70617009433454
548.709983767426,279.6544101194441,47.56903741325781,126.17169726414613
546.2301157133787,279.3777165675723,47.198466289131474,126.72508436788968
546.3632429664069,280.91398891428383,46.93221178307488,126.31895071552674
546.4593579147775,280.8080327526221,46.73998188633381,126.53086303885019
543.9487005445778,279.53228228086186,46.450576636597305,126.42700398730284
544.0277882451122,282.2366884102305,46.292401235528544,126.31548877205336
542.88421433334,281.19825227970136,45.93535374140862,125.74816571544707
541.6043907010845,279.9897019711712,45.86537635319888,125.53564167978672
539.1401043453452,279.45954045376914,45.543311526499494,126.59596471459085
540.2487129594191,279.0288760047637,45.96075207644883,127.45729361260177
538.8015818488752,278.89081322892343,46.20048297372856,127.73341916428222
538.5522264313796,278.933716060112,46.699193808719826,127.64761350190517
536.910364358872,279.1064277651778,47.312307750358194,127.30219009177355
535.2699700755318,277.6304392977348,47.91636510919269,127.57743581881317
533.7565680482794,277.732555527045,48.25160977588412,127.3732033601929
533.698138550406,278.0337718833255,48.368468771630944,126.77077064763186
532.1646413581838,276.9618816770974,48.74734185236418,126.22642975637673
530.7604819178155,276.9065111578046,48.86855235689472,126.3371707949624
529.5712347174663,275.8199609884218,48.55617408078632,125.8193984569211
529.6321329901081,280.96881810101814,48.43437753550273,126.23302041229248
525.678323219322,278.2360275761885,48.297236003111905,126.33542741264307
525.7749937653005,279.3701193139791,48.103894911155095,126.74783818873117
525.7983354713441,277.70174236234936,48.0572114990677,127.4015549409684
523.3028859652685,279.4003990948165,47.664964564095676,126.69581444959573
521.8256479333161,279.1843371300062,47.945045931562056,127.12793837921629
521.75932334722,279.0685391709396,48.07769510375445,127.35953429734957
521.6856930220799,277.69054959027926,48.224955754034376,127.42417446347312
517.7047628035474,276.9789820871633,48.10207082183754,126.15239434661785
518.8668283172931,275.6847239057844,48.452401392475736,126.06644911124614
517.3682539259372,275.4644910885102,48.77003087285615,126.50691474579448
517.1552659272162,276.8566294477835,49.19600687029815,126.41418125683666
512.8346790175882,276.72094511315413,49.74363484775995,126.68554992609538
513.9315026970102,277.6233604680829,50.261542556811115,127.59227428413271
511.2519826701007,274.87459479297036,50.15286520002724,127.62208822375514
511.29587288818476,276.9567454530025,50.06508476385907,126.190129998452
508.8922884102253,274.8445965817594,49.45189702463089,124.99407104579107
509.3226542266625,277.30995931738966,48.59116539175646,125.42737021853529
506.95338263864807,275.9442366870365,47.984046280100856,125.48598433539935
508.56853235066274,277.52263800820725,47.41652496046211,124.99195979744854
504.9838347817941,276.22244562329234,46.64944674809051,124.94685345057542
506.3403735048876,279.8958243024091,46.56740632618164,125.49320716517667
503.8131085028034,278.42761379028497,46.347165285245,125.79224266687228
503.88053039416883,277.19720673929504,46.21232150251413,125.61536276726773
501.1042784898299,276.1143939008502,46.499370966856326,125.14826127198958
500.9663770186369,276.78530328975796,46.775173909242355,126.43765994393726
499.3310998159645,276.90884245982375,47.3910680253135,126.19058160380564
497.7876128178877,277.2980276644235,47.81582119261712,125.41221119460613
499.16421110634974,275.6087458880518,47.72132197570937,126.13207738733307
494.7083316079587,275.3725952329812,48.63110518787247,126.60437869747437
495.81429828458505,274.0325191956044,49.109621366737784,126.59408124011009
494.0712275718535,272.2755475535906,49.89687772817441,127.40913946011125
492.63947355523516,273.96406125850854,50.03568566988808,126.75681214179848
492.73870590734094,273.0940462502106,49.83722096567648,125.77903784578132
490.0816284765121,272.47248885082274,49.75099208581274,124.32196077379635
491.631806988343,273.38284725436273,49.3283184568884,122.50124396671636
490.36420953282175,275.6187641534335,49.21958681096927,120.67333672553636
490.5386111703986,276.0177416359993,48.8707835358156,119.87538176040488
489.48057998945205,276.25012566009605,48.388904875773235,119.41061371221127
488.15399821470413,276.0598520233483,48.45940769664632,119.79116098570688
488.1734056793429,276.71898030458794,48.4205927673687,121.06230411969185
486.9142118799542,275.1598721869997,48.33196769979499,121.57350768851728
488.43450474416926,274.6068122066172,47.90416927934818,122.67962764928217
485.7101688014619,273.3668845733659,48.11075794108116,122.53844130394397
487.02301620337187,274.21602152926897,48.10777375728978,123.46287801216637
484.2319781912775,274.14883745803525,48.417961023643485,123.59724615463378
485.4905551968461,273.6509849264104,48.544237367745254,124.59295121788347
485.4088102821823,273.6932967180793,48.70772719707293,124.50832763454568
483.97367423061365,273.60888402804903,48.916285255587084,124.6771530146062
484.030301506596,271.96504549157606,48.8030307036224,125.2969557724991
480.20558909258267,272.78097231628874,48.42819174562632,126.3398567184147
480.3073013816554,272.3057192808505,48.22476716748085,127.29036278929122
478.9491731058615,274.92138308959966,48.248031191752304,127.4450202264255
477.61592676728816,272.68075086379724,48.218894739199634,126.53502641863176
474.88636295158295,274.3247083860604,48.31392023174312,125.92916244353884
475.03315602771664,274.8159240786227,48.02033407947581,124.94673105841433
473.81082730929404,276.43449804834603,47.80930239191383,124.36527224337475
472.4531571274011,276.80681131299275,47.881089044891596,123.62064571408135
470.93751935927696,276.82288289352306,48.27821620714817,123.58850255302073
470.77311833856606,275.3113758155033,48.6070182485699,123.97071413564436
468.0744261453532,275.50123860324595,48.700036216030995,123.59098856015908
467.9210717630337,276.2278838964857,49.006744980669986,124.7860858501094
466.762096534643,273.5325226151117,48.65363612363947,124.83468978523352
465.44863910207573,274.4338685864154,48.61511531421453,125.6974335171856
465.1084456158256,271.8724263541363,49.295502286714814,125.46603880318546
461.1308254255461,271.82341551930887,49.192735207206084,125.56406047284031
462.5255670587434,270.38208554824934,49.08882432680292,125.761148028968
461.16106623623585,272.17108857207364,49.13128142280627,124.86968653033098
460.84279192371633,270.9437836781165,49.76783004784538,124.64980667127725
456.58765331368323,271.3136194106242,50.22999785581104,123.91013520626188
458.11522622586364,272.6547150453611,49.85514641791417,123.908238323252
456.9468596447702,272.9249835239211,49.51829472237743,123.36770136613195
458.3597480864267,272.25682705718356,49.35231019245623,122.04422194621532
454.350506914718,274.9114030982954,49.45747824959811,122.01061272150866
454.45603298284436,273.4065624647821,49.24642611334531,122.38113265976503
454.4701479142546,273.3123763785926,49.21819625052486,122.56950483214402
454.28815900614006,271.91088478681974,49.58217406675393,122.72954272577724
454.2644660481458,271.9762668528249,49.62955998274251,122.59877859376692
452.89992154824165,271.3531262512125,49.7079472683219,123.84505979699175
451.3628838039883,269.60705924712875,50.11197346496081,121.99709522142383
452.69971335508427,269.04350197039815,50.08893140116966,120.47359273648422
450.1325781034301,269.1541282791412,49.96674823617877,120.25234011899812
450.1406388835676,271.1863999102323,49.95062667590376,121.43352471801289
448.6934819028076,270.6022708157895,50.20532081147043,122.60178290689853
448.8399778766858,270.10563985248865,49.91232886371398,123.59504483350017
446.2230842417015,269.7077659746389,49.80592887855949,124.39079258919969
446.50115028527057,267.8777424757091,49.24979679142137,125.37118477895146
445.406037026201,270.0180649261952,48.75620245887721,126.45818157934598
444.23907765012547,268.631566295488,48.39952585634186,126.54058348607398
444.1880745381149,267.771894718908,48.501532080363,125.5745508256964
441.8290145975033,269.4201727160736,47.87297655545933,124.9513325344287
441.912828127766,269.59922969373656,47.705349494933984,124.59321857910274
440.849294692124,270.9682444640137,47.187456747428,124.50014865733854
439.45932112936936,269.62363575174464,47.33308623273443,124.55504844167389
438.04994886070824,269.7261239067357,47.51410727920144,124.35007213169176
436.5040646908378,269.72880160567456,47.96784038290063,124.34471673381407
434.7906371218435,269.27615715739114,48.748592232066095,125.25000563038083
433.0938540696689,269.1319951720383,49.46905370438819,125.53832960108659
433.12949393205946,266.34175757550867,49.39777397960714,125.73851104580191
433.1276983055351,266.23375369054367,49.40136523265588,125.95451881573194
428.8548167887207,267.91791385616807,49.86236883725621,125.28111829415927
430.1774645853052,266.6069280780437,49.91055037539713,125.20961271909805
428.54111902507583,266.11656066421466,50.489932857699294,126.19034754675616
428.34669642412035,264.7611720900552,50.87877805961023,126.1833555680324
426.62640261110636,266.6333003233908,51.594760334876085,125.16370445212331
426.62536806759493,265.60515129840496,51.59682942189893,124.49734786313974
425.12906044753754,265.7111206920702,51.87636742114242,124.28540907580927
422.47314900562264,267.484146787315,51.758228472156574,123.4543378017276
422.85160851284314,267.3105874324947,51.00130945771561,123.80145651136823
422.95349256538873,267.16937513023174,50.797541352624364,124.08388111589406
421.73227438477056,267.1942517820309,50.54707399671479,124.0341278122958
422.03748069867146,267.08101644874,49.93666136891296,124.26059847887757
423.5862791963786,264.4564902540641,49.51917731459771,124.14942498603122
425.01225470979296,263.46788989327155,49.33828764587482,123.4555643495105
422.50631395444753,268.7410243393449,49.034479724033645,123.54067432242805
422.43987609027397,265.5898926232718,49.16735545238073,124.53565108942477
423.82476714958295,263.25204511558525,49.06790455920691,123.8706836539097
425.1213030929483,262.2681155335498,49.1338210507886,123.17955443966818
428.0147861016409,263.7648202152495,48.647297774374195,122.83636644675428
426.7104396182183,260.46863638056755,48.619399519155664,124.15555167199058
425.6276057652361,262.0549878446521,48.13000533629759,126.2929725214664
427.09065814173067,261.36622296309304,47.880881255260434,127.67050228458442
424.67965516246085,260.45174341538484,47.318378247908,129.4994613800008
426.1345948896758,261.0241688332758,47.116799254892314,131.06291100563317
426.3110703124289,260.9479533387213,46.76384840938607,131.21534199474223
426.5062149614583,264.5564041739707,46.37355911132724,132.16683066214677
427.69455894402,274.4402017080805,46.726171267887636,134.23363656739724
427.52661490441477,267.0042334660481,47.062059347098014,132.51433414695705
427.3544833379097,266.85103289622646,47.40632248010822,130.07397167397224
427.1662420406288,265.013758283236,47.78280507467002,128.31229953726412
427.2666310609723,263.3671044911014,47.58202703398297,128.90592249101283
427.2810572885006,262.45267180736886,47.55317457892633,128.0302220877304
427.20771447121354,262.85730933790444,47.69986021350049,127.22094702665927
428.6450445591211,260.5407863491378,47.5077508041316,126.48889147130024
431.2322287591219,260.67051058465023,47.670578366257715,126.22944300027538
432.44409613586214,258.4030096803741,47.91465234920945,125.4288273359632
435.0025238340174,260.8524869042128,48.11921969052539,125.85129562591229
436.1856737927804,259.68750112459225,48.42336856356797,125.51081839458479
437.5196910519251,259.88281043727386,48.42635444373714,125.12019976922156
438.9073700942861,260.65493266130255,48.316460365481355,126.24141932763033
440.4133772257842,257.83782406306074,47.984036414866466,126.5164558993514
441.74998427929876,259.83941715225427,47.988385344089174,125.19083275721616
444.517769897081,259.7766763824129,47.77005359529993,122.65769455351119
444.13852177799646,261.6120719963116,48.528549833468986,121.60522740185463
445.51433868603476,261.8233759954321,48.39367083581029,121.18261940361367
448.0835501180871,262.06349937335324,48.471775781816966,120.70237264777143
451.834620382019,262.6022850481138,48.77786753783366,122.22754539287708
454.5069272959014,260.7917828359526,48.69358066756604,123.21838633845098
455.8562379408523,259.404718617051,48.63787309706905,123.34960105684935
458.41399151603486,258.7474829070172,48.80997530862247,124.66407247691697
460.98844834349694,258.40608482313235,48.992628291945984,125.3468686446866
463.719499289815,258.14425897293523,48.888262017677135,125.87052034508088
466.37681215128464,256.98666799040706,48.942681845113555,125.50117953494937
469.24005715085445,256.60911304852243,48.5765737791384,126.2562894187187
471.9221544788753,254.79744957181487,48.58132587136019,127.19514299800198
476.0479088947886,257.3556712231808,48.42392232669331,127.47476988670991
478.90666735169884,256.07595756638403,48.10484262722153,127.33497859312897
481.9480104603136,256.26809804290383,47.40510699427007,126.95069764008937
483.5784563132848,256.0773985802713,46.81758320007168,127.3320965653545
483.7372427041868,255.05690381883468,46.50001041826758,126.70485345741491
485.04142163783627,257.13978789744874,46.54517112177611,125.19260387099412
485.03280606141743,258.87622373502103,46.56240227461374,124.35241068307535
486.57450261023047,257.8602597697644,46.09995912289716,123.76338866767918
489.4467862486964,259.6913059330173,45.56374512368576,122.70547298003358
490.88871099569417,258.46911910047197,45.25924908045323,122.57049319436143
493.5661093472069,260.11705227967997,45.04830673692241,121.84655401569282
497.33057822037654,258.69636056621647,45.19263053217418,122.13018359542278
499.59963539890487,258.4548908480235,45.78335555170629,122.61312303180861
502.0253440989504,258.03289390670625,46.09591633459152,123.45711691444313
503.1668443817298,257.86268201668764,46.412631136883704,123.79754069448043
504.11936814924195,255.45226689302,47.117883195539264,123.39777175445604
504.0182231447765,255.50122938474692,47.32017320447005,123.29984677100222
505.29758997156756,255.1552238726635,47.38091825393265,123.99185779516901
505.3026939253897,255.08667339199013,47.370710346288455,124.12895875651576
506.6033476050674,252.62959580064495,47.401689128504735,123.77854165606274
505.1866066422486,252.93272211857925,47.60735750338872,123.17228902019417
506.76351725545993,253.68777635989377,47.07633643123803,121.66218053756512
506.94292687909547,253.9888395602431,46.71751718396692,121.06005413686646
508.57645435116,256.7943248283235,46.0269677445528,123.17860011485095
510.1465127172758,254.74031689503698,45.48133289731105,124.69213409643419
511.4675827376566,254.43153885491998,45.44550021015469,125.3096901766682
512.9133140566177,254.158064976695,45.168531568030154,125.8566379331182
512.9980667834499,252.3294681285134,44.99902611436579,126.89653125266244
514.2050178422015,252.45194914100216,45.21420973832482,126.65156922768496
512.9471314102195,252.22547304139096,45.1004935011349,127.10452142690735
515.4624402107677,252.5963294958992,45.33767148268559,126.36280851789085
516.3884549192377,249.99596859345795,46.11324190047046,126.30833065332348
517.8236249442278,249.30741132131308,45.88375731439321,125.04458973371
517.4636894953921,249.872508753132,46.603628212064784,123.91439487007216
518.8292578997966,248.51143602933175,46.48790508938421,124.02112663154418
520.0205933236736,249.37757159311445,46.72009421156052,124.90371547390885
522.9551735063175,248.9168815809543,46.11431729228936,125.82509549822915
523.8987281974032,252.10390545653027,46.86116726131769,127.3529258006767
526.6473039511262,249.08891149463358,46.70265133516929,128.0442781431724
529.5781884365507,247.54309590123108,46.19358005870927,128.4595604827829
530.8683656563292,249.86935432257067,46.28630247022722,129.1531973422529
531.9268036195602,249.35422898769974,46.85409816649149,130.18344801199476
532.3469890778597,250.08430754180222,46.013727249892625,131.432975183306
530.9737139498733,248.87747276138538,46.04799187769184,131.1343591159662
533.7197150527028,249.6301452564366,45.97328165429134,129.6290141258637
535.3143673655936,250.0515477274935,45.46977117690554,131.47200333214568
536.560741213573,252.85225093450796,45.679970005815136,128.573543442985
536.5642478823248,252.86498881050875,45.672956668311684,128.54806769098343
538.0837753425346,255.14102374347885,45.29880624811331,129.32580682548576
538.0133247285618,253.73813927869207,45.439707476059155,129.46236007849723
540.3819950511198,251.87742751257286,46.04981787178093,130.51005809031662
542.6207102792682,254.29614296982302,46.971919340675036,131.07215910100723
544.8953761140874,253.43771415550952,47.8716324332036,130.06449434855077
545.9125165259196,252.41698764928148,48.56373333507213,129.37956563547397
548.4535702984604,248.85223881354463,48.93972338886988,128.3219169086289
550.0095624126768,250.68649345364872,48.54838222442359,127.37405069240745
549.9892655232633,249.614666283399,48.58897600325068,126.81769454337788
553.0228486072775,242.86495322922084,47.90732043708955,126.85334414706591
556.2896060141534,245.484376637283,46.735835402623934,124.29551222058468
557.9134790726442,249.52129830582479,46.1113467209027,121.46818375402216
558.0395443215838,249.06709989824364,45.85921622302362,119.80510322990284
560.7981924542854,244.9306672807665,45.42808733406218,120.44871740019425
562.1457418760285,249.82340452273587,45.277555137797286,120.84150950514038
564.8988448220342,250.5426530893689,44.86632453804957,121.95050001800621
567.639352293362,251.064999651557,44.497224481964274,123.46176433691508
570.1203709462528,250.59740065632622,44.676997575698636,124.39696232737661
573.697996939796,249.7538416390222,45.28433787778081,123.49654959892834
576.0428068898483,249.5610421639253,45.765993675445344,123.88214854912218
578.440492371376,248.34805878925735,46.17033166108642,123.70826082410981
580.9309630102134,250.1523446185956,46.39870053114653,122.70434423930072
583.1947521633091,248.671647124488,47.05987295764545,123.07136386117074
584.036403216256,249.76102333779983,47.98809598116502,123.50413656396054
586.4105946043178,248.37592474981955,48.50849882464806,123.63994093011776
588.8723208327967,248.03576945395798,48.87637575573882,124.32025152184085
591.3727386195729,246.71210599213165,49.199597918259094,124.30554957745717
592.8529829478173,247.3765624598561,48.906707275938444,125.64423465617635
594.3930196930496,248.23221292941207,48.50823591273743,126.6145358443282
595.8103944668617,244.14885172092454,48.36187583614441,126.71608984820978
598.6896743351523,243.89129581334035,47.97775249207033,127.23120166337816
602.9762191911342,243.91730085386217,47.46776413938329,127.17919158233451
606.0553466944451,244.10633278398063,46.66505149002725,126.80112772209756
608.745960741563,242.9760150371867,46.599577681427434,126.40388607286755
611.4860890137874,245.79420086917798,46.42133666428229,126.0695299361887
612.9059082618428,246.0544588781318,46.22470115475355,125.54901391828102
612.9970157707645,246.16272982606674,46.04248613691017,125.33247202241121
614.5303573266982,247.587887306891,45.60141365700913,125.10776769272903
614.6206684244195,246.38828778575765,45.420791461566466,124.89254166819228
614.7738811513191,246.19669831720773,45.11436600776739,125.27572060529211
614.6939402615484,246.76546415496756,45.27424778730873,126.74620372889751
614.3971043627882,243.9438398963241,45.86791958482898,127.1255926044073
614.0456981937706,242.70601811912806,46.57073192286429,126.95312831639563
613.9938643498322,241.43486726624639,46.67439961074118,126.83708031730689
612.3671358375123,242.35201612510267,47.26929600003302,127.6613432349422
612.2635089500471,242.46681430453498,47.47654977496326,127.4317468760776
612.3403116885654,240.0956239894876,47.322944297926924,126.81103103619401
611.0187868644027,240.50869396909147,47.2961079472997,125.98489107698624
609.99455165598,241.05375908906623,46.68701588188095,124.8947608370367
610.1706704479519,241.31374719238522,46.3347782979372,124.37478463039872
610.4140332610218,242.83721804191774,45.84805267179746,123.94501198733946
610.3981162469178,243.8568550958376,45.8798867000054,124.50797326506009
610.3429334360475,242.52924936302344,45.990252321745984,124.55231361519625
610.2768730430001,243.70539331332225,46.122373107840744,124.81352375033734
610.2137107538985,243.18606456522303,46.24869768604417,125.8521812465358
608.5101188136292,243.1283451891092,47.01910734273399,125.96761999876344
608.439710948871,241.5770437224118,47.15992307225042,126.4178976469172
607.160694912338,241.3864940130727,47.056640176768,126.79899706559539
608.4495125794128,241.89153494393616,47.14391759778681,125.78891520386847
608.2780547171512,240.91976553190705,47.48683332231013,125.08044130321775
605.5800048879963,241.0181994616777,47.58688405808303,124.88357344367643
606.7736135741054,241.00036021566257,47.84666504735238,124.9192519357067
605.5206013189149,240.01853983660243,47.70051270175027,124.23071583784395
605.7550545815735,241.02558636370188,47.23160617643319,124.85629208382073
605.6384465947743,240.53440004004779,47.46482215003155,125.83866473112889
605.6549134378985,240.39887565818077,47.43188846378327,126.10971349486292
604.216263458479,240.5249871818089,47.64739198256632,125.85749044760664
604.3791253701081,239.3594362278882,47.32166815930818,125.52653496833119
604.4345446758655,240.49647046620805,47.21082954779345,125.90391785177914
604.54525315435,241.30267159451094,46.98941259082456,124.29151559517341
603.366802057185,241.46084677706722,46.718551392146324,123.97516523006085
603.8192485714488,241.6828778385331,45.813658363618714,123.5311031071291
604.146987061813,241.6152561362182,45.158181382890376,123.66634651175886
603.0694908406964,241.64001529965313,44.727385502120434,123.61682818488902
601.8649102314639,241.8732974253469,44.55925791868444,123.15026393350152
602.0692129880134,240.33643576282924,44.15065240558528,123.65641344628435
599.7066206782694,239.0827051760756,43.7410204544344,123.59646633447207
601.0887392285567,239.0986512173402,43.535904439655354,123.56457425194289
599.8234739345115,237.67813878969645,43.511493549994114,123.85065762947887
598.6166076954919,237.52316173605067,43.36664366946469,124.16061173677045
599.792145447667,236.76776106523346,43.575941658823425,123.11103958469583
595.8141558805462,237.69424293331377,43.88434485087534,121.25807584853521
595.8787700725092,238.88245856894073,43.75511646694932,121.4099441009882
595.8484081547398,237.08919261623538,43.815840302488155,119.9402120826156
593.2330353783135,235.4836148882693,44.03017015194342,118.13495183515045
594.371157995476,237.70539398145752,44.24015194846429,116.17762067961976
594.2548087468556,238.09945025808747,44.47285044570499,115.38950812635983
591.5767707169892,237.6941008805143,44.91930947679688,113.74539836718571
591.5938680471063,239.28723768513993,44.88511481656268,112.99830277669653
591.963857689329,239.51239655493382,44.14513553211732,112.54798503710875
589.5009214621953,240.37392818941225,44.25478758051152,113.23303197108854
589.3335471091334,239.42834363411404,44.58953628663514,112.7042807681533
589.3090052320454,240.2534702801417,44.63862004081134,113.47233450494852
588.2387893105608,240.69573341630309,44.34882120014515,115.01803891626068
588.5236248129152,238.83407272627014,43.77915019543664,116.29411105788161
588.438723227571,238.73398408115543,43.9489533661248,116.49428834811101
589.4570805910236,237.17528388270176,44.37348655681936,117.1504408274188
585.6556872974767,239.45715461902824,44.54138879545977,117.54328892040141
586.647815848753,237.85323594177342,45.044080621160106,118.26417734665817
584.2167745368639,238.3682296047429,44.89350851905298,119.74051738366191
585.3701376301958,235.6567960085647,45.1115726230403,120.11380399471639
584.0777710735503,237.70710578559988,45.16223795697009,121.08131999936847
582.7465610360625,236.40416460149783,45.27581134030529,121.13835567593256
582.8069041562765,236.15480271731238,45.155125099877566,121.63707944430342
581.4189477961485,235.82476306556833,45.37435729075313,122.29715874779154
579.9762544310854,235.76273532014216,45.68965476542637,122.42121423864384
579.8961875937183,236.87955414187604,45.849788440160566,122.76512726019055
578.6441466921368,236.32007968394026,45.76850590955076,123.8840761760621
576.066974688856,234.65367255768564,45.722995091066885,124.61696301604852
577.4336972376108,236.96528736490762,45.5991483424394,125.21293009936872
573.4013518666978,236.08812720366495,45.81617296428182,124.35136171519285
573.2630853251613,235.87925425977983,46.092706047354895,124.7691076029631
571.7141110143205,235.69042016161688,46.57220331130838,125.146775799289
568.9624182124368,234.49548903978007,46.81057029860327,124.90412873472641
570.156125977597,234.35353635973766,47.0564821347972,125.18803409481124
567.2243221824172,232.85553279625105,47.63643965687809,125.54221618764504
568.5242729232995,232.15367740966408,47.6938764897051,126.94592696081901
564.3425433156515,231.05217227733658,48.02183335915298,126.47043644352459
565.7705888793471,232.46618746213332,47.843324709197574,126.31998855136699
564.4627454505452,230.1798889600342,47.78679692273529,125.54815626743299
564.4134356674958,232.4574575929884,47.88541648883401,126.3132717178781
563.0368716210778,231.33996193830583,47.96566933199752,125.87538777757065
561.9712190421282,231.58925445806088,47.42893854698892,125.37680273806059
562.4113887948812,230.7714765711935,46.5485990414829,124.3611243550429
560.9945147305027,231.1018605234819,46.761520977167436,123.70035645046605
561.2548473657289,231.52998975804883,46.24085570671514,122.84409798133223
561.5314316991794,231.70366962691492,45.68768703981404,122.4967382436
560.4613337208385,232.92352801232803,45.24928561768943,122.63561885158033
561.8869677158259,232.8988261965133,44.97069752984099,122.68502248320979
562.1344020600703,234.01899936540917,44.47582884135211,123.01303289916095
559.4678878433735,231.2792718692108,44.680654438162215,123.36428505497426
560.7216389276077,232.33083659718392,44.745983668518996,123.83398699785326
560.5652824149593,231.00141497590846,45.058696693816074,123.91209934121795
559.1377287064817,231.49083293958483,45.32629829551925,122.9332634138652
559.0413505830526,231.65845624040955,45.5190545423774,122.59801681221582
560.2764001894753,231.80836279728095,45.62596361133258,122.29820369847297
558.8636762682015,230.23265286336044,45.87677118998201,122.87498330241581
558.8708079163403,229.8428508228263,45.862507893704546,123.65458738348406
557.4246671008276,230.78725555911927,46.15645291524587,124.36411452038203
555.8733122793536,230.55482545988957,46.64536150627251,124.82897471884144
556.9712248611789,230.39220284760225,47.07881056356408,125.15421994341608
555.4977326626424,230.26372982246363,47.38405273034208,125.41116599369334
554.2502936429984,230.113214704884,47.22801125030652,125.7121962288526
554.403204370829,228.87092295555337,46.92218979464514,125.54435240359699
553.2274583177948,229.0109836854575,46.62916832372114,125.26423094378873
553.3233565790118,230.51425239011667,46.43737180128707,124.8929125110883
552.2056802485318,229.38022500598788,46.046282879313004,124.53452569641183
552.349300898242,229.5620361575135,45.7590415798928,124.17090339336063
551.2582615117888,229.2047106412635,45.33725674405574,124.88555442586065
551.1728854512681,230.92363566286454,45.508008865096976,124.05417356029189
548.3813988868868,230.60058282703986,45.8956628482471,124.70027923194122
548.1733908185356,230.42331641207934,46.31167898494953,125.05481206186228
546.8132884418543,229.2688261248201,46.40538995582652,124.73729885389497
545.6696979814608,228.13375208534478,46.06893522025461,124.3838112764868
544.3533387455428,227.87431620719394,46.08914906213688,124.90268303278842
544.068382370768,226.56872011390521,46.65906181168651,124.89357534245084
542.7317328860006,227.33026327734768,46.70191396977508,126.00093582701219
541.1660418610852,225.98980698238222,47.18621209844876,126.03476449578616
541.0860826176322,224.3357949643319,47.346130585354885,126.6864903671279
538.3272688947019,223.0690870496806,47.52671972227404,126.55138704195988
538.522550193771,224.44351082553123,47.136157124135735,126.47237488151367
537.1427831286346,224.67451233480503,47.23402404705821,126.01037186296611
537.1536093614149,224.88959079187038,47.212371581497884,125.58021494883545
537.3678702240138,224.98819254355575,46.78384985629991,125.38301144546467
534.7258903022142,226.54849434440547,46.78839201839908,124.90211668451522
534.8910679606364,226.16657602058737,46.45803670155472,125.66595333215143
536.1378979283518,226.1671989605036,46.60226344597811,125.66470745231898
536.168980429524,226.2534955945961,46.5400984436336,125.49211418413398
533.6903410623701,226.5988867823036,46.22362246300274,124.80133180871901
535.1069359041479,226.64762759317682,46.01170768317906,124.70385018697253
533.662759021247,226.7444680193995,46.28400632633425,124.51016933452718
532.3573078889709,225.3363610447255,46.27671524450891,124.70818993749789
532.0418163004816,225.8328900242223,46.90769842148765,123.71513197850427
531.8072226180846,225.74854740301402,47.37688578628176,123.88381722092085
531.7086735436325,225.4230383863484,47.573983935185865,124.53483525425207
530.2319629173187,223.73778081881903,47.88564286432377,125.26358806582104
530.0127430327319,226.34493552832166,48.32408263349726,125.36491647554755
530.1792735455787,224.86954147510625,47.99102160780366,125.64856048979576
528.7123647272125,224.7881651512821,48.2596026831059,125.81131313744405
528.6537087687356,223.2262158844253,48.37691460005968,126.26281588341803
528.7764516055286,224.41385259840956,48.13142892647367,126.56852547029459
527.4377659872479,223.10658067015572,48.127840390782836,126.50210955455006
526.5833477600006,224.53935939304134,47.15673442730034,126.31649452675599
526.8474141684712,223.25080504861012,46.62860161035907,126.23379872555702
527.188209887785,223.06154151822963,45.94701017173146,126.61232578631795
526.2098555026845,223.34363618209773,45.26152018989502,126.04813645858181
525.1026841281711,223.62606619347483,44.854140648448656,125.48327643582756
525.4762170877062,222.36380022109998,44.107074729378326,125.40154145999378
525.6798827558546,223.51061656895294,43.69974339308162,125.69945170836019
523.2821430200083,223.50721114165535,43.31844470997051,125.70626256295537
524.7422052228086,223.6119600992226,42.979864781167734,125.49676464782085
522.1052810495435,223.384037788761,43.108938012059504,125.95260926874407
523.2355806357964,222.345568144071,43.429577074300056,125.4483103233776
520.6323645489085,222.1550551181761,43.47622997314615,125.82933637516737
519.1552541271067,224.4381822538691,43.84427754146256,126.43542865435603
518.8506852438563,223.00458971390407,44.45341530796327,126.70109547111153
517.2812767846372,221.75687915632136,44.97584494953824,126.58012930941346
517.0832268898156,222.05066822414773,45.371944739181316,125.99255117376075
516.9579290482675,220.65259242523604,45.622540422277666,126.16577511376019
512.785464474456,219.19435656397695,46.07764607193209,126.45230567028901
514.1185298193777,220.5410375808129,46.05378742156646,126.40121567609476
514.0814989629498,219.37365977555635,46.127849134422284,126.09486156794675
512.6849284418034,219.3445741377056,46.282925491341004,126.15303284364825
512.7048723416713,219.81388011935385,46.24303769160534,125.21442088035172
511.50852677575034,221.17877089792879,46.00818780716567,125.11218033948347
511.66530265075744,219.9672924704228,45.69463605715148,124.91329946027241
510.5162527902045,221.4079834788958,45.37940850294918,124.64524471863456
509.5617384594362,221.38601648824985,44.68464340214253,124.68917869992646
511.0356107739668,221.3081402603725,44.32874490355317,124.84493115568112
508.6089078160216,220.16446882018406,44.006913624248085,124.54465543846032
508.5487826233945,221.21420094735925,44.12716400950233,125.02268018608501
505.7153958771716,222.2652824376135,44.62094059613412,125.50701565848348
505.47946592275184,222.16132390972788,45.09280050497359,125.71493271425476
505.2270317314893,221.2362713057011,45.59766888749868,124.95113509609783
505.1752799239038,218.9382783874596,45.70117250266969,124.32288847560767
500.88530656923183,219.11035698161078,46.46613514170686,123.97873128730534
502.0345180422696,218.86557918332994,46.78157242979677,124.46828688386701
503.0828884227239,217.6311107387127,47.31138937058685,124.31066607140275
502.66850604475326,219.25621324475247,48.14015412652812,123.69428850219546
496.87574698274346,217.65538073946323,49.16627361848272,124.2561038547577
498.05620179577943,218.77064786888005,49.471655031815985,124.6918606353292
499.48549795100905,219.5259361473963,49.2910806660393,125.85930202297928
496.9372387408312,218.20567756252666,49.00444522318858,125.80824226111531
498.32218272395113,218.08002590675898,48.92026709983756,126.05954557265066
496.85805268441067,219.1475638674911,49.16071519588457,126.61228163422027
497.1111310047165,219.07901081010934,48.65455855527283,126.74938774898379
496.032718507962,217.8032286277687,48.118431309231326,126.60799987411443
496.45039083257626,218.16426277940582,47.283086660002866,125.88593157084016
496.7921197705806,218.67384531086003,46.59962878399409,124.86676650793171
494.4870517910804,218.89365534999115,45.951781337991136,124.42714642966953
494.5143299595184,220.01068192718003,45.89722500111509,124.80410470615377
494.6861645395541,218.7029453950992,45.55355584104371,124.80415400872421
492.31086392055374,218.4530490706329,45.08572563252662,125.30394665765681
492.0407425752886,217.09164043916573,45.62596832305694,125.41886424418698
490.4737319112742,217.96709774960735,46.14066978663277,126.28726948775687
488.7583192940692,217.78419132295303,46.930445206877735,126.6530823410655
489.6712270080952,216.50779047853138,47.765176452707166,126.54533735602755
488.1052517198647,215.35522582564693,48.223086389240635,126.17642602186902
486.7920248174354,215.15415154809006,48.17255969379924,126.57857457698279
486.54140905535553,215.1708873464477,48.67379121795899,126.54510298026749
486.4389006077285,215.41477641914096,48.878808113213005,126.05732483488094
485.11453198328485,215.1201113634129,48.8405084553324,126.6466549463371
483.95878908949686,215.32391040632632,48.45718000331216,126.23905686051026
485.5975168756096,216.3607487223648,47.861807458810574,126.84746325615723
484.44377256556555,216.48932603923726,47.489184415377736,126.59030862241228
483.4763405483794,214.29571414569443,46.75433102232206,125.63809755464204
483.6376328066954,216.00931773803723,46.43174650569005,124.8537219600012
483.75902174806606,215.22928627813732,46.188968622948806,123.78800615599862
484.24634919080586,216.48519648656836,45.21431373746922,123.88231934466982
484.6656126669273,216.82137884393913,44.37578678522627,123.20995462992829
484.7629100676152,215.8453858667189,44.18119198385046,122.59683451126412
483.58960236642133,215.85925362896805,43.97499091450815,122.56909898676582
483.45449527590745,215.58273628477798,44.24520509553593,123.12213367514597
483.29876702419705,215.30459979391475,44.55666159895668,123.6784066568724
481.8360568413606,215.03026244410097,44.90700309207091,124.22708135650001
481.6526055094206,213.94295966156454,45.27390575595089,123.8124203220242
481.51405325763506,216.18822709660265,45.551010259521945,124.50182559385635
481.21148825476234,213.5053287169315,46.156140265267425,124.65793558914177
479.8638167672484,213.12691104573895,46.23347942775318,125.41477093152683
479.80537078242776,212.57062237650266,46.350371397394504,126.52734826999942
479.7246470960436,211.19153102304244,46.51181877016282,126.63725615136124
478.47178291046293,211.0560280689679,46.36478290524775,126.90826205951036
478.5699098913807,211.12920039834756,46.168528943412355,126.76191740075103
478.5540942188612,212.4667526219422,46.20016028845121,126.73515785610104
477.4365145402836,213.97426089699022,45.786785725733026,126.36867522587845
476.3368235000781,211.78136654505641,45.350352707036905,125.48283373153171
477.76090628445996,213.0758453006316,45.11743565822724,125.50912474033547
476.66561016850693,214.51150689212497,44.69662070180096,125.24920874568107
475.31241325715695,215.75804908755413,44.802947990326885,125.35619088899685
475.51505634256546,215.80395493000944,44.397661819509835,125.2643792040862
474.4765099796461,214.00253392994864,43.87989410968896,126.27236076854817
474.44685840372046,212.57948260514428,43.9391972615402,126.51862318309563
473.3519289788517,212.64048987266682,43.52462363021473,126.39660864805055
472.09409253509483,211.31106733271275,43.445152624207864,126.46030983443814
473.46923121037474,211.56820775599843,43.28947934029555,125.94602898786677
472.4084533644599,208.9755800291781,42.82659972795362,125.96241383316418
472.58149719876695,210.33273910646977,42.480512059339475,125.82432347208932
470.30557050274444,208.9958246085568,41.89648160017039,125.93021054230816
471.6432952110904,207.88207745272157,41.779802934268986,125.59893410318813
471.99941985082796,210.47258544335713,41.067553654793876,125.52176061398069
472.38474386124597,209.2433072158576,40.296905633957806,125.44254383680718
472.62890017448666,209.85146280965148,39.80859300747649,124.22623264921944
471.47532904787516,210.3646786721474,39.61949395170823,123.19980092422766
471.5832485131825,210.54949968773215,39.403655021093485,122.83015889305811
470.3461787867234,210.94032711526506,39.40882580083138,122.04850403799233
471.3732947789827,209.41345809619622,39.812555342886334,122.64428054955638
471.27183805927154,209.52965001847463,40.015468782308645,122.41189670499958
471.17667448133477,210.49579118948932,40.205795938182156,122.95387800856163
471.124548664265,209.11097404437598,40.3100475723218,123.23805242144846
469.95904244533534,208.5482116638518,40.14964788893998,124.36357718249684
471.081488167628,209.49183224535426,40.40921856686082,124.980798141998
471.12407908202863,207.69008450613342,40.32403673805946,126.06629371105154
469.6390744332789,206.421778641747,40.76219507113885,126.07105447540432
468.36267766510264,206.43981204135105,40.775014546081344,126.03498767619622
469.6385699651405,207.45876090255632,40.762927103082475,126.53678711086252
469.62031564301157,207.29379629089323,40.799435747340326,126.8667163341887
468.3166491387398,204.72596302133115,40.854807936136574,126.89846123381847
468.4017264861618,205.97830038398718,40.684653241292594,126.94721614602511
467.38789936486796,207.36361124472373,40.161314188831135,126.72758771960109
468.6843184072307,209.91938592419348,40.10671857617829,126.69252330480697
466.14928659070216,208.10000321479114,40.10330396608376,125.25781048046002
466.00638072222785,210.63124489670042,40.3891157030324,125.22794815594258
465.7642400412573,212.99137295148017,40.87339706497348,125.54997515800684
460.4108266681177,211.72981851923748,41.44177702056293,125.53847232481976
462.46832360078827,210.59173467758472,42.41652550833525,125.26976883156848
456.72918753621525,212.18666935289775,43.65929853225767,124.6387742572483
458.9035472767243,212.76988583380603,44.45561518287388,123.47234129543173
514.4957534743061,212.82828783261408,43.79423077869156,120.78523432128122
517.4088807675525,214.85194727496264,43.0077888377228,119.25782175934616
517.7336909981465,214.20924276429264,42.358168376534785,118.0594006755068
516.6653364862165,214.6758433727398,42.039945297837654,117.12619945861253
516.8671879367832,214.91416534069162,41.63624239670403,116.64955552270882
517.1786983319125,214.97532328557327,41.0132216064456,116.52723963294554
514.9887228750296,213.80002392116813,40.575880296470196,116.46919224988517
516.4161883546016,213.78431238503694,40.12081738251738,116.50061532214757
516.6070414099873,214.92847577746107,39.739111271745784,116.60432094381557
514.3322618283438,214.94820847729602,39.51556666305822,116.56485554414562
514.5894630728152,214.05859855948466,39.00116417411553,115.96216544468837
514.6768807687553,213.92291711481624,38.82632878223541,116.23352833402522
513.5863813732811,212.51552747723395,38.64273084971163,116.68371088571783
513.5852315259185,214.15351762705924,38.64503054443684,118.14301516757833
511.1714663487717,212.71900718531555,38.69568593130997,118.6235985673554
512.0460551322051,211.42282520751272,39.34270678532549,118.81976410207886
511.67309446130315,212.6303090898529,40.088628127129205,118.8156454255065
511.3782444698543,211.31297461148387,40.67832811002705,119.02588039136968
511.1377055906656,212.6696696193793,41.159405868404384,118.75068285354234
509.3804895047587,211.65426716920334,42.230804394468954,118.33845410814509
510.4203248582341,213.19222464139517,42.60774549669046,117.71915097293365
508.78565794277307,213.05725193277857,43.422492964292005,117.98909639016685
508.6069191658359,213.28026199632785,43.77997051816631,117.54307626306829
508.42812906910586,212.38325446465618,44.137550711626396,116.86385425711028
506.9222394889732,213.63071277609134,44.679389133171554,116.83887837296004
506.82014534130377,212.37508405419192,44.883577428510435,116.87081329233125
508.1814286742617,214.39772323326235,44.64445797295752,117.79242935491631
508.3812419079274,212.60572044485895,44.24483150562614,118.88405900986342
506.15813425420527,211.50904708327462,43.68938857478834,118.57657661389108
507.73613935777996,209.2752741337897,43.01978362510381,118.07131199793095
508.01996678359427,207.9970539947413,42.45212877347521,118.16067558801709
507.01191573498056,209.39595020536734,42.01014894409176,117.82096509337597
507.3002165295418,208.3971707446677,41.43354735496931,117.37330727768398
505.1943223753656,209.1750062764519,40.78861565624466,118.24599621765405
505.2088334948928,208.13563366835893,40.75959341719026,117.89565689660935
503.91952425749525,208.50615415025217,40.914651989385455,117.15461593282288
503.92166650408706,209.78589646037403,40.910367496201786,117.01094096161718
502.74214315692046,208.5836892356359,40.85573279955284,117.00167402011124
501.47064052186965,208.82731134591293,40.98618231476692,116.51442979955713
501.5041148092649,207.9871891648944,40.91923373997641,115.78670210762445
500.3467201194748,210.23035005845645,40.83765774213259,116.0931110753481
499.1468757850881,208.91295201139192,40.83808740675502,116.32864816532624
497.7803217070168,208.77828467625267,41.16856630790128,116.59798283560474
497.44819079280865,208.3805761078359,41.83282813631761,117.39339997243823
495.8267419388145,207.36433683433916,42.639833602818705,116.98998627794457
495.36382369324247,208.5889602926593,43.56567009396276,116.98547571537156
494.92128508326033,210.9699685499686,44.45074731392705,117.14622971094403
493.2702391971435,209.98666914523199,45.2732154007972,116.63320483505353
491.9829405452547,209.789479869332,45.36078881256299,117.02758338685352
493.2075853649319,207.731373415902,45.405758242879784,116.15527815437108
493.1709283095767,210.18561454996305,45.47907235359015,116.21185775744328
490.79741466496995,209.2553365449632,45.256785893964356,115.58775689302328
492.4569700363248,208.26264802750242,44.40938152560459,115.1014275535951
491.3675356903951,208.38809113097125,44.1387170978199,114.85054134665748
490.4797171556824,208.27418237244757,43.47328006456577,115.07835886370478
491.79350240708186,207.82560549471043,43.27809487809401,115.97551261917911
490.62669740580617,207.8699788137819,43.169973594352854,115.88676598103613
490.9334336765612,206.46643899773179,42.556501052842854,116.25533458723118
489.9565598990345,203.82465856938052,42.077530970601266,116.67346016934403
490.1127934768878,206.2602334381277,41.76506381489469,116.66238248409975
490.3840374645627,203.59724938751572,41.22257583954486,117.13991518405513
489.62098993693087,205.7339254672712,40.32747478989687,117.70895523436741
488.79504057194123,203.0443822106289,39.566348545974186,118.26199179984803
488.87567070380527,203.06975196730417,39.405088282246126,118.21125228649746
487.82089146618677,202.02658604123295,39.11131408765072,117.89425146880757
487.9157056652903,204.29063772205072,38.9216856894436,118.15303782391373
485.55295215733037,203.23951990922336,38.859887797871465,117.86162099582234
485.5105456726362,206.60273164418942,38.9447007672598,118.30032369182608
485.4649766309815,204.01881793199104,39.0358388505692,118.67581331763773
483.16856009396565,203.98008714858094,38.822313492509274,118.75327488445795
427.91578584465884,200.61404422295,38.91106874534345,123.0849956651594
423.74764239908484,199.56028191988545,39.856800738664276,125.19252027128852
424.5104955614165,199.15079915373911,40.841941715549254,126.0114858035812
422.65851739294953,198.81030475886632,42.005305490008645,126.69247459332675
422.0840384145526,198.61217070797008,43.15426344680246,127.08874269511927
420.30630730272634,197.42232746772024,44.111470751740946,126.87017425690493
421.32149522500697,197.0240148510251,44.69367729849608,127.6667994902952
418.30151871516995,196.6818308396865,45.46455461744655,128.35116751297238
418.0476092291421,195.54985012423427,45.972373589502254,127.95681842390225
419.08111677271654,196.53173672500276,46.56724177404422,128.65492849405607
420.30825274332443,195.3844177665719,46.795604906452155,128.26693133729412
418.9018627279981,194.30831997203995,46.92716996665316,127.73791195590636
418.9973532036983,194.23128284756856,46.73618901525276,127.89198620484916
419.2224683182721,193.53246968497734,46.2859587861052,129.28961253003158
420.76725309470163,193.40619893882948,45.88300431153742,129.54215402232734
423.7355287819231,192.37467274395914,45.312283370997584,128.92229119511646
426.62511278194717,196.247575915994,44.86051672203802,129.16758687767967
428.2398722176345,195.46983418167372,44.28998478190549,128.06408341507816
431.0466176845181,195.44978347175385,43.94221736726644,128.1041848349179
432.58659609320637,194.0481777898762,43.48935862996397,128.28029811859915
431.430711046201,196.40021650003197,43.179782000277584,128.81891414568173
432.7245863072539,194.17443591025602,43.21539244282847,128.02375339592012
433.9659744028148,193.05815494661536,43.345305829062966,127.6436257458451
434.995703718997,195.8052776367661,43.895494309514376,127.36867459117477
435.97808688875404,195.38119342204217,44.54648844974325,128.21684302062266
436.7594111919334,194.23124233362418,45.62354941517601,127.87703562566713
437.52305856152077,195.14704380963002,46.75067608313532,128.6998540807895
438.4043558870283,193.81416149343758,47.674677678341666,128.67902246695286
439.21203007217235,191.98892350053313,48.762317396389626,129.62651036442568
438.79354584015755,194.37237787054397,49.59928586041926,130.33192990229352
438.4263348141078,194.2601942066259,50.33370791251873,130.55629723012964
438.24136478057153,192.99481809349953,50.70364797959138,130.30930570001397
439.66707443271673,192.6893313391463,50.63305744946575,130.92027920872042
441.13466551396823,193.08667018363428,50.48621556029482,130.12560151974444
441.28700329656704,193.32232784710848,50.181539995097225,129.65428619279606
442.9854439473507,193.51990663200456,49.54671908865084,129.25912862300393
443.17316989529706,193.39013508336353,49.17126719275808,129.51867172028597
444.59111095098353,195.27699241969398,49.07735967641923,128.48693164265904
444.92183470983974,194.09483866540288,48.41591215870677,128.12575542868848
445.01930725830204,195.8546060718458,48.22096706178216,127.3146323244905
445.10131323929687,194.96270280177586,48.056955099792525,126.40516658202482
444.9324767550463,194.69984801113443,48.394628068293684,126.93087616330769
445.0100251988957,194.46810879756802,48.239531180594845,127.3943545904405
444.9503391718884,193.18126777626125,48.35890323460947,127.2732870489246
444.9181157254191,191.81079468298185,48.42335012754799,127.31907387045965
446.3887641214854,192.75222912435237,48.17902802242834,128.1331796747315
446.72869822343625,191.85366539337207,47.49915981852665,127.2260519771578
446.7257838440255,190.69650268525558,47.504988577348186,126.8613689817771
448.30617131948856,189.52857129843431,47.01810082136548,126.52334456047626
450.0885022444818,191.33657628896535,46.11370813245145,128.22787290155912
450.2871130985494,191.22577358661187,45.716486424316216,128.4494783062661
451.8091979824166,190.3221160879683,45.33660231605851,127.59250764407653
453.442596254237,190.73563306885728,44.7149579801018,126.76547368229856
455.11816277882883,189.74010784754313,43.985882421209226,126.13446663463574
456.6314076123993,189.807155666901,43.559193663609555,126.00037099592001
456.8424986790346,190.06591131432336,43.13701153033899,125.48285970107531
458.32993944866854,191.63195214908103,42.73718361833774,124.92583165882667
459.4822144671401,191.00405032959787,42.992458697539476,123.62181018164809
460.91844265952926,191.43334810721024,42.66588197575963,122.76321462642338
462.1079852494671,191.2150044986298,42.81448538030388,123.1999018435842
463.250360575148,191.1085702031506,43.06635708269268,123.41277043454261
464.05870713198584,190.7933108005675,43.99390520377975,124.0432892397088
464.92034276096524,189.29150740232922,44.8407263277374,124.47680365426885
465.8417834963885,189.94497729059654,45.58948236486006,125.76150138570324
466.7268192260758,188.47801236256987,46.44297205241,126.07187009483192
467.8722179401397,186.92802169990335,46.795601702366525,126.52842434208067
469.17708979046455,188.16435971844453,46.84218669953306,126.71207700281451
470.4788200677724,186.74875331677526,46.898525429657525,126.88349052141282
471.91636920278955,187.77117166166653,46.68669774429236,127.50192441629942
474.74753611181126,187.91806118079444,46.36096271445375,127.20814537804361
475.05471336720603,186.90986106385992,45.746608203664174,126.56633720548274
476.72960724720383,189.81154811087103,45.034735307879515,126.03879283988238
478.24774005085254,188.3674363450521,44.61594876481269,126.30953730728953
478.45211416109953,188.30951100053122,44.20720054431882,126.42538799633131
481.1221905705596,191.16324964849184,44.083001417291776,125.9338643923032
482.37800083681776,191.53556987358573,44.17008493649253,125.18922394211546
483.6482604924969,190.24017225295026,44.21922156419366,125.19036324432717
485.0635919422101,191.83659101248045,43.97912305593317,124.58809011643284
486.30730612388487,189.6503055450939,44.069299369639104,123.8054516970951
487.2884704704548,189.60385218057897,44.675033251666285,123.89835842612497
488.5866153083514,189.0476939618951,44.65911053614393,125.01067486349265
488.3315193537793,186.5745741218439,45.16930244528808,124.76495859452652
491.0853085928358,189.9580217656328,44.86513533079267,125.80318035237521
491.34556928680036,186.15930979740295,44.34461394286362,125.5674917928421
492.8540817655317,186.29426331861586,43.925815401275614,125.29758475041626
494.28092561239555,184.7511590073691,43.658893146006456,125.79702793445128
494.3022138467086,184.433074034483,43.61631667738041,126.4331978802235
495.6635750543577,183.17453004286787,43.49093015631506,126.352949969221
498.2983005126601,184.90962164434086,43.40929434250704,125.47667431767343
499.8963196604113,184.90455929721205,42.793180963103104,125.48679901193107
502.9256095161639,186.28939797317133,41.87228332536399,125.28596269689567
505.8331849521701,186.30380256256083,41.15545093815356,125.25715351811664
505.8257581350046,187.1779440765095,41.17030457248451,126.04449335335133
508.0860475362396,187.52793885539546,41.743904262476576,125.34450379557944
509.35305889571083,186.49344010468545,41.75752520004959,124.86585764048402
510.46187619718535,186.21932514657507,42.08097116508047,125.41408755670477
510.32260031001783,185.05400274115212,42.359522939415484,125.18993311421741
512.6645849861604,182.7663304922297,42.78894702954487,124.65188416964747
515.0247302012958,183.42864675694165,43.1823842767252,123.3272516402236
516.0891835649611,183.0488274967924,43.59860787327946,121.54175983663751
518.1318118888229,183.811056531145,44.56771448392422,120.01730176793232
520.4367750158829,182.48607384939052,45.003558527660964,120.14438198251293
521.5751048632304,182.04998470996617,45.25945975409701,121.01656026136166
524.1416618194537,180.96979349728176,45.22568686057815,120.62727217726659
526.3724823011876,182.07137040571575,45.85101151277407,120.96760116823037
531.729256139639,180.5553842871567,45.37592736265184,121.43995752365336
535.2642025232064,183.2221796535726,45.979543880643604,121.22203964757273
537.9984230556317,182.75530245543234,45.64225627379525,122.15579404385322
540.7298139335302,183.79660422394744,45.32526089527034,122.64608369545905
544.7389612989415,185.25205151837523,45.02956874066323,122.309389965342
546.1047330387445,186.38020036884086,44.862068100399924,122.61713510375337
548.7476187048634,186.35203715651627,44.70714182319045,122.67346152840254
550.296519355031,186.21363516043053,44.17276886974506,122.95026552057404
551.6840502010871,186.26456918928093,43.95542385386355,122.84839746287321
554.341486612236,185.17086216279634,43.74519614004991,122.48348896160017
556.8847140456422,186.71880791485782,43.74533556017474,121.93089460094579
558.1359359703638,185.81869628134234,43.778293863904146,121.19571571480438
560.4378341378692,188.027788906215,44.22547427437691,121.82850721054288
561.2825137944241,187.80958186058945,45.078745089197,122.26492130179392
564.9293657345409,186.60540303634002,45.47792293883453,122.10898504033574
567.2635601771394,185.2831797627378,45.94805585282046,122.18417068794864
568.4704705592686,184.98602126944758,46.11304241113622,122.77848767452903
570.9341648763423,183.4208979732884,46.366248856414146,123.31843672713471
574.5101385027048,181.73428538162443,47.022091518104986,124.089065272324
576.9986151288239,181.16404334407522,47.29603342042012,125.22954934742238
579.7573313860199,181.24292534626807,47.07206396690172,125.07178534303668
586.666937209979,179.8045553651681,46.455047063401125,125.3080863563531
591.9719249885425,180.91778512578662,46.375901295330564,125.71433428238018
595.9169460042098,179.9213492010412,46.39715090519068,125.07010891813943
600.0638282377911,181.86988888387793,45.98815018122734,123.80128413353242
603.0099388117159,180.82584452393786,45.30133654818225,123.28666909601037
607.1970319380046,182.24336143706677,44.675972171548835,123.03457589506726
611.4197546194035,181.77392037428137,43.934619173089054,121.40542723252531
617.9800095682398,183.24334270380353,43.470692415529896,120.9978992015036
623.174817592225,181.56390410111703,43.14943729890932,121.83968617403912
631.8822537044498,185.0324732794037,43.397618068958,122.47242767225077
638.1081823776128,183.78554569881663,43.62993389592533,122.42944819876622
644.6746860127889,181.62037863247207,43.199102159812306,121.67891211775975
650.8248555443431,182.3872821906133,43.50825367263579,122.66700311666372
656.8606294425512,181.21930217042745,44.14481333558351,122.46134166516268
661.7210843706896,181.0104184292521,44.62478566289782,122.87910914751335
665.4925523616564,179.368271195808,44.776492897787044,123.59852254212728
669.0864793339257,179.20501912399436,45.32238578168637,123.92502668575457
672.542607273575,179.13919236316468,46.18750273572246,124.05668020741396
676.3030573301946,180.0123378020245,46.496472834616384,124.92034606707199
680.1165311208284,178.63629828873314,46.75322557262706,125.04452498722853
690.502403828993,180.07932567241315,47.055932572941515,124.79277677194904
693.107141482314,180.7127639402215,47.11875377388377,126.16204849012445
696.8723773455338,179.6686639223539,47.55900288702438,125.59334157933296
705.9676857413341,181.2817282388399,47.96514006988872,125.0238920855702
716.612607224079,181.31605643279363,47.92174558598039,124.95523569766273
724.9057034234213,183.06755881190486,47.259801886787336,124.10627238935545
728.0302925551686,183.2072622766749,46.27055915980256,123.82686545981542
732.0442832732093,183.20864844265958,46.06705968897303,123.824093127846
736.383976278365,182.13671604842492,45.201033481194536,123.3635046488044
740.3227095145394,182.213516720075,45.07025316152257,123.20990330550424
745.4097789960181,182.0307879604583,45.20678418760731,123.57536082473763
750.4528841076977,182.85574009290414,45.46203255859085,124.51082120843166
755.3234205370106,182.11170334894726,46.13441613763709,125.99889469634542
757.9255884923718,179.55641818962818,46.20370006941556,125.83584517248275
760.572755109633,179.57379300442656,46.1808223062168,125.80109554288595
763.1211144770751,178.17565357292594,46.35373782456699,125.96255727927007
765.7913660504739,176.62949143033433,46.29373675387704,126.41463052639946
767.0765406691534,177.83423470549897,46.369025907971235,126.65078236752316
768.4219436661488,176.2951128064161,46.32859836031003,127.07864771935932
771.1121112807837,174.95720314183515,46.25980408983901,127.09869656912184
773.9216301085132,177.70040749840064,45.950393445361826,126.92191486697297
774.1234036881423,176.56792408016886,45.54684628610373,126.54019375926589
776.9885042923603,177.18300588617112,45.08449402369605,125.3100301472614
778.544842290753,176.99696553080693,44.57978236907728,125.68211085798976
780.1574203488948,176.93620390086068,43.95875815674939,125.80363411788228
780.5662816080074,177.14277416391602,43.14103563852403,125.39049359177159
781.963082971868,176.41518611671174,42.921242972909354,124.27185962407395
783.3430969227578,177.75865945355383,42.715070617321466,124.13876849658163
785.946708122144,177.54736243315463,42.60425272935689,124.56136253738005
787.1613475182282,177.5597571237082,42.7271804466535,124.53657315627291
787.0604637242368,177.38301717111375,42.92894803463619,124.89005306146183
787.9712849652948,176.10227619756932,43.67011619208277,124.88872436898822
789.0369232589902,175.85203225104553,44.11512164056036,125.38921226203583
788.610826894047,175.31170709966966,44.967314370446665,126.46986256478756
789.4254645616796,174.0408756446293,45.96045461995873,126.3891098900911
789.25978731888,174.01663840964548,46.29180910555795,126.43758436005874
789.1569852179899,175.4197466902458,46.497413307338064,126.27729987449388
788.936555835495,174.9076031598478,46.93827207232789,127.30158693528983
790.1413634011615,173.23505503752543,47.1986316693488,127.9767084515809
790.1022900473877,174.59474276295015,47.276778376896445,127.94167379536309
790.0904811574269,172.3085070185177,47.300396156817975,127.14364633805968
791.2751603207226,174.4698888462218,47.605283009818024,125.49512786224332
789.9590844064188,174.66508290569385,47.58133217953562,125.10473974329918
791.3607890057988,173.5887034286063,47.42799476570242,124.60742691254757
790.2245256775154,174.1960745045538,47.06034057009124,123.3926847606526
790.3452448282931,175.66609734058386,46.81890226853601,123.06878373713934
790.4151209064075,174.53590963680887,46.67915011230697,122.72200060469939
790.426701358009,174.54405703039185,46.655989209104014,122.70570581753341
789.2878609475164,172.93154394786117,46.33464867670506,123.33171062921048
790.446691841537,171.5900532872784,46.61920490760248,123.41247393143709
787.68863456692,170.26208873057308,46.9183248297634,123.45990573131115
787.7676309228347,169.81956351271083,46.760332117934006,124.34495616703566
787.6778570750062,168.78991302899172,46.93987981359091,123.77984987295149
787.594223583429,167.44669148186117,47.107146796745404,123.84675900563688
786.5163952197904,167.27295297519964,46.63930266717372,124.19423601895994
786.5407937359502,165.81471502381333,46.590505634854324,124.49064428481383
786.563008953247,163.12179514448303,46.54607520026043,124.6296093736216
785.6390978362886,163.07833298726655,45.76926909486063,124.71653368805454
785.7892954854449,162.72321512103403,45.46887379654796,125.42676942051958
785.8268871953688,162.46167640370894,45.39369037669999,125.94984685516977
785.9914977789689,161.39508538672732,45.06446920950006,125.46031803392685
786.230385155806,160.21868981585158,44.58669445582579,125.2033591021928
785.3344869289632,161.611859325434,43.78107279722447,125.01443819531488
786.8613777924841,160.63142118121027,43.307384343490085,124.39522121045493
786.9285303095576,159.57266656339374,43.17307930934309,123.95008707019323
786.8743031664997,158.56030032955707,43.28153359545896,123.42097036944322
786.8546576172162,157.22607621354666,43.32082469402609,123.54114853600666
785.7172899121402,157.17023323902652,43.04486057633897,123.65283448504694
786.7044877028784,155.77522004485263,43.617740618046724,123.89558525021056
784.7786983527963,155.27257086714872,44.90816542373535,124.90088360561838
785.584964226163,153.81271317587135,45.89455533760162,125.22167732757336
783.8367613289546,151.13978614418193,46.769608358803964,125.32482584452326
784.8841372180447,151.1745040118778,47.313475031811045,125.25539010913157
783.4502072436502,151.0424441818633,47.53391909272162,125.51950976916056
783.5062526193217,149.36930435975967,47.42182834137863,126.21062034423451
783.409156407227,150.19523057695568,47.616020765568,127.22182982543106
783.4938267695645,147.88183171385677,47.44668004089284,126.4865208506842
783.4832212429986,149.06806865128948,47.46789109402465,126.78151130137212
781.960745659989,148.86218391575568,47.84076782085694,127.19328077243975
781.9178819990765,149.13795925649072,47.926495142681894,126.64173009096966
780.6937943712662,148.17677266334982,47.69634535036101,125.88577822930992
780.8921161892869,147.10430931883667,47.2997017143197,125.36736140566505
779.7169028374182,148.66183359485154,47.00135470445092,124.90108656724152
778.5529885172649,147.30562631560778,46.69246445476772,124.97678223573939
778.744907647598,146.01806605928545,46.308626194101606,124.91966172062047
777.4220756553511,145.90042704125733,46.329787161981756,125.1549397566767
776.2382089940626,145.3482527260862,46.069266007982314,126.25928838701896
776.1883297885638,145.13958480840535,46.16902441897983,126.67662422238068
773.1845626680557,144.29071635260613,46.88229158064769,125.7272275943049
774.543423459217,143.15625061571996,46.81098511283153,125.34974395357072
773.4347954246947,143.15475710634504,46.38852006223797,125.35273097232056
773.5813030613431,142.2555008865964,46.09550478894141,124.51909664937855
772.5615643305201,142.286889168682,45.52006075233296,124.45632008520732
772.8627677658587,142.99747985588564,44.91765388165567,125.63877161120233
771.6568095999205,142.40813190923274,44.719929917903,126.81746750450819
771.7848329826694,141.04998577542028,44.46388315240539,126.91086958604674
770.6405572228485,141.30853368980388,44.132862906254225,126.39377375727955
772.1529265992642,141.7744624000092,43.71429820890273,125.46191633686894
772.3303250533704,142.19496889767876,43.35950130069048,124.62090334152981
769.9716317293249,141.2908886577032,42.94326518442776,123.86225243930406
771.5664754571778,141.4209690135455,42.30199219460961,123.60209172761944
771.7098749077334,142.6370287828749,42.01519329349854,123.70299488613286
771.8602431063368,142.55935149004853,41.71445689629158,123.85834947178557
771.9765634892361,141.54477552072757,41.481816130492895,123.3615520401607
771.9179063473997,141.59263315859974,41.59913041416572,123.26583676441633
771.6432158417866,141.5379440532668,42.148511425392,123.3752149750822
771.3350345877363,141.23908684562969,42.76487393349255,123.97292939035647
770.9581578768423,139.7543857172367,43.51862735528051,124.39558679278178
770.5990915426246,139.32504269051591,44.23676002371592,125.25427284622333
770.3559279088529,139.1393612401667,44.7230872912595,125.62563574692179
770.0367645823837,139.98947709968468,45.36141394419776,126.53132886976083
768.3436401542837,139.78161324909615,46.117224063065635,126.94705657093792
769.3506111920334,138.23734718061812,46.75334769053153,127.3855230049286
766.499771653269,138.39011079287044,47.11935205654976,127.07999578042393
767.9399515544679,139.62194907330198,46.90906097010185,127.28638793551058
766.5845241061159,140.9567072364727,46.95068604627585,127.2861014296992
766.7240739525888,141.3640942513287,46.671586353330014,126.47132739998722
766.8785638554242,141.8245318541007,46.36260654765925,125.55045219444321
764.3121014095658,143.1680617778565,46.22651016419029,125.49790298452443
764.4055908532135,144.518919976877,46.03953127689479,125.42748829600913
764.5538012881827,144.70973603982566,45.74311040695652,125.04585617011176
