331.5,117.5,81.0,241.0
332.2794552588704,122.6762490173189,78.44108948225912,239.47124468450147
328.48556226652204,125.69243899930144,76.34233441473069,238.282135246649
327.2800458737932,123.41332792373329,73.96554002949924,238.05253022709618
325.71483227973044,123.534532513532,72.35520441643317,237.81012104749877
324.1257912605496,123.39956592012103,70.82573920397722,238.0800542343207
322.3315755473816,121.02706773829956,69.73116868477216,238.1420486524225
320.4438087223605,123.30812767152581,68.8431743536614,238.24345676712298
318.55874763933707,123.14661849682932,67.96487653883315,238.56647511651596
311.71007907669,125.83201357170223,67.75243833308484,237.83227674378426
311.9334883123801,123.30547271558561,67.30561986170461,238.26309712332773
305.0271675256905,120.67504432550291,67.25828807567984,238.90396278369178
305.16837431671905,118.50803342022866,66.9758744936228,238.60983761941816
297.94809867176656,120.78559545364081,67.56028190450675,238.67342817893422
295.27547602427046,118.58437567755341,68.27498575556598,238.44532628717607
290.60713461774685,120.83753592051093,68.33032529308804,238.57967743902367
288.40822476190925,118.52672667028892,68.08454372207439,238.5576946567789
283.8205610256996,118.87365989848983,67.98246599731701,237.86382820037707
284.2020217893389,119.48141700260463,67.21954447003837,236.64831399214748
279.79780084200337,122.36089452606504,66.83679252551362,235.4849558648246
277.621175054786,120.063805847316,66.61801629717121,235.5071054195457
275.1271057209633,120.47734403461843,67.03790351177054,234.68002904494085
270.16453928684,120.774467075683,67.83418951896385,234.0857829628117
267.51704154749575,120.74830856780342,68.55829961643059,234.13809997857086
260.46066938350936,118.20120730756697,68.9157132450288,234.6471922659189
257.6935559797364,120.42314175930065,69.85098347617857,234.80227993884762
248.42062961297714,124.88832522769009,69.92269666510167,235.10898277436647
234.56807429424194,122.72858681177516,74.50678228437454,234.8042546025568
235.4508568886774,125.09693789666545,77.44588708187001,234.77222241914268
232.30677613200567,122.37077158021546,78.97584260331654,235.46634906014577
232.193338073038,122.26582467014211,79.20271872125188,235.67624288029248
229.72396220522972,122.23987405032545,79.33824935197705,235.7281441199258
230.10274628173602,119.47529594258084,78.5806811989645,236.4508632908436
228.0327580581188,121.9869666368427,77.91778879096789,236.23039075755102
226.75275133160432,121.91957928555254,75.69021007186133,236.36516546013132
227.5701776657282,124.60924024280659,74.05535740361353,235.73445470821625
226.1658826832731,125.1123504625462,72.15439869215702,234.72823426873703
227.35016813274817,125.14602581818541,69.78582779320692,234.66088355745862
223.38038016472854,125.32329726819123,68.49475425988024,234.30634065744698
224.25807656262862,127.63411008759493,66.73936146408002,234.27102016958827
220.29824349144167,125.24135627018579,65.55287708921709,234.50345254578812
220.94873185605522,122.74201049887557,64.25190035998999,234.96797632097497
216.48461020644783,124.78925784393189,64.14749560833238,235.38980565629856
216.57391305301158,122.65470915038102,63.96888991520483,235.13859765478844
214.1614379091825,122.54879676317962,64.28042794880369,235.35042242919124
214.26364578980326,122.56131556558758,64.07601218756211,235.32538482437533
211.9136798839566,119.72889749956738,64.25788866396013,236.47216562112044
211.8533581528275,119.17880760284166,64.37853212621836,237.57234541457188
209.43828097058736,119.20892163951868,64.65330308878288,237.51211734121785
209.22536712617824,118.85235031079995,65.07913077760111,238.2252599986553
206.4363381419086,118.92789169872012,66.07944813722135,238.07417722281497
205.89714512271897,118.47667013692151,67.15783417560061,238.97662034641218
205.28049526304108,118.3555696838893,68.39113389495637,239.2188212524766
202.20120547307752,116.17161571423637,69.89595407534618,238.93296979224516
201.59809965492278,120.55006770038395,71.10216571165569,239.53161207288008
200.85151147560265,115.61860986279143,72.59534207029597,239.97719309975372
200.18527679710152,116.10894659683045,73.9278114272982,238.99651963167568
197.20337467444025,121.01078478449664,75.13816901822383,238.6997365651371
196.45234455219668,121.09512956588483,76.64022926271099,238.5310470023607
195.72193279794973,121.17920212507285,78.10105277120488,238.36290188398468
195.0678093942086,121.52015462082852,79.40929957868715,237.68099689247333
194.35563245150766,124.54280855098274,80.83365346408901,236.47122650085217
196.2939965198953,125.08880262816095,81.80124669535522,235.37923834649575
188.87633915908359,122.65587008755605,82.09743330128602,235.3987273891413
190.9777642393475,122.25090772567097,82.74662525662356,236.20865211291147
193.85492263642018,121.79625975725403,81.86771234657716,237.11794804974534
196.38014203202607,118.55214265455797,81.68965934153871,238.73379646896416
184.2440638511666,117.72655741817218,81.50092556166992,240.38496694173574
180.21498111050727,125.02237959115341,79.73456610593192,240.53011000135822
181.12527487237818,114.59867760348615,77.91397858219013,241.84937976845458
177.10105995964233,111.79543725468994,76.22763302639925,242.5884727754157
178.66166773014885,120.9008991702305,73.10641748538617,243.76487647401996
174.98896205017914,118.34396500446303,70.84029860419305,244.07297968498858
173.5538157271803,121.21913123609858,68.94260371862363,243.09063475328458
169.78937644823,116.77505222574486,67.03406880668848,242.54137930415627
170.76234808302675,114.61502087669489,65.088125537095,242.1862056741738
169.0670873326712,114.45672565675089,63.84496218567272,242.5027961140618
167.00370339575483,114.52337603924582,63.35701149751765,242.36949534907194
160.12167181379183,112.81339413584071,63.31016805652473,241.1858236209092
159.6263178279434,115.03788077377669,64.3008760282216,241.32295918102955
152.47948684151254,115.37841379849343,64.7743907394278,240.64189313159608
152.1070987502931,115.23905110072305,65.51916692186673,240.92061852713684
149.83606480200714,110.80195190711522,65.43726508318696,240.54687744384913
145.04074605098683,118.08160291068782,65.79356783238994,239.8390775659604
142.6292355577143,113.51879837929258,66.00270169581208,239.73691238250518
140.11050016306626,115.91459920156387,66.42380103200506,239.5616821910657
135.31557494724197,116.13668981461558,66.77005682290292,239.1175009649623
130.73574585845927,118.78302069812125,66.68567214912693,238.4468606236216
126.48092765665248,121.3543483965308,65.97333950646424,237.91518974994065
124.43407458498484,119.2468022606084,65.47689998498525,237.54013635697117
120.25541126090863,120.07474609195062,64.68312236145032,235.88424869428675
118.26839765520442,120.68300147433064,64.11982253696496,234.6677379295267
118.365425926303,118.78179320512862,63.925765994767815,233.96053967690068
113.81781741569378,118.81669248529796,64.02896486687867,233.890741116562
111.2752327721469,121.13459595915921,64.61717089880317,233.75189742400875
108.57721090414832,118.76042816756826,65.5071730032266,233.9941913756169
105.31578434005044,121.28683324484277,67.50389562280229,233.46751172968794
99.59392955634895,121.1474143034339,69.83561357628818,233.74634961250567
93.89067991548386,126.07724212051588,72.03548845261159,233.0933183837485
93.54446360884782,121.89047531940534,72.72792106588366,232.1972292856256
88.71563152781081,126.85438154558128,73.11579934851456,231.53920271271687
88.7120834946577,122.25861553834469,73.12289541482076,231.46531369623693
81.89666934229291,129.4136694621126,72.85834507196698,231.0505844962845
79.69876581334513,127.0595604622504,72.6331193281284,231.13776969427477
75.00455288431169,127.05030736328384,72.78531077974883,231.1562758922079
72.46586879603095,126.98241696806767,73.24149303914064,231.29205668264024
67.51770118822624,129.02787654461517,73.87478912900866,231.83265709241596
64.79821229692372,128.3551628363951,74.66291245408073,233.17808450885613
59.95962329778597,127.61562637391373,74.97117293186696,234.65715743381884
53.37592840068403,124.83638018977771,74.00516992360153,235.50451886793445
51.62982563455949,120.15973654569069,72.79201391948429,235.44708308337584
44.76120953836387,120.81052945877144,72.48279158302864,234.14549725721434
42.20369618587277,118.91634792977158,72.9398284884501,233.2758705156533
39.81562026174166,119.02209154734848,73.06188034673787,233.0643832804995
37.784138901182565,119.89994661303498,72.47149057843372,231.3086731491265
35.390186949547186,118.00242554958915,72.64183437907386,230.48615517338757
34.56406409896795,123.01983700254068,74.29408008023233,229.6694002661885
31.532605741301992,127.34409783055479,75.7291536480976,230.27656490509358
30.35709576925619,124.77161738355218,78.0801735921892,230.75871811632186
26.810304760543218,124.36871922785562,80.46107261568935,231.56451442771498
23.285118358554058,121.57710202058914,82.74387604313628,232.38017946571654
22.178012170513405,123.62397853919498,84.95808841921759,233.10710991558653
21.353057263620478,123.17383365286335,86.60799823300344,234.0073996882498
20.554094908834948,123.13969815693434,88.2059229425745,234.0756706801078
19.631158935232975,123.41807277456886,90.05179488977845,233.51892144483878
21.754527237499076,124.06742999476899,90.77386305717135,232.22020700443852
24.29016677680272,124.42481110302893,90.66567303884318,231.50544478791863
24.67788087891647,124.83136694281286,89.89024483461569,230.69233310835077
27.654268494752493,125.0754171400273,88.86277520960296,230.2042327139219
30.953503542897735,127.88560124339858,87.16418063428256,229.48374002814938
31.854475358860142,128.03516042931238,85.36223700235774,229.18462165632178
35.132155805389885,130.7104995632481,83.62918221461663,228.6562494937687
38.11323713894768,128.41679549104379,82.4504819316461,228.46019525403233
38.66223906498638,128.6953600897985,81.3524780795687,227.90306605652293
39.033626887629566,127.01493503409802,80.60970243428233,226.53243267481247
39.175673602105114,128.48486717565766,80.32560900533123,223.59256839169316
39.381071846721184,127.5785348999683,79.91481251609909,220.75396437985563
37.05397520965535,128.9564404091478,79.96576172026428,217.99815336149663
37.00198442772763,127.9864017149475,80.06974328411972,215.3734943932003
37.142429630990065,128.9645022263941,79.78885287759485,213.4172933703071
37.22845920638913,129.7620488771523,79.61679372679671,211.82220006879072
37.54263129849231,130.3548668254271,78.98844954259036,210.6365641722411
38.09995620127583,131.21196942403816,77.87379973702332,208.922358975019
38.285733795571076,130.4738250204676,77.50224454843283,206.0016291541828
40.85418684531972,131.6878958604113,76.7138037911291,203.5734874742954
41.363314134253095,133.54571936357706,75.69554921326234,199.85784046796385
41.76185629450295,132.6947231349318,74.89846489276263,197.33197471732836
44.021671272163616,132.0555968859772,74.55612967797904,194.4329324746998
44.162427416808,132.94564817976354,74.27461738869027,192.65282988712715
44.35115217610284,131.6093507403246,73.89716787010059,191.22648981512268
46.49712906316239,132.08691616002557,73.67689531983538,190.27135897572072
48.75236107378808,132.12880909773426,73.22044425728876,190.18757310030333
49.024600217085776,133.9431715395698,72.67596597069337,190.60347055753647
51.23300822800688,133.81215333236815,72.299965260725,190.86550697193977
53.26800504130089,133.94196889956768,72.26778714304508,190.60587583754068
53.16880403541753,134.1625056028393,72.4661891548118,190.16480243099744
53.06637144699071,132.20532697516563,72.67105433166545,190.04840812954953
55.09796709926536,132.83981565308486,72.64062473665896,188.77943077371106
55.07159323969361,133.44009719592987,72.69337245580246,187.57886768802106
55.18003859402465,133.82302421908955,72.47648174714038,186.81301364170167
55.379899560327146,134.04079278237901,72.0767598145354,186.3774765151227
55.513456618714336,134.1490067771671,71.80964569776101,186.16104852554656
55.60994179176026,133.96046346436634,71.61667535166917,186.53813515114808
55.504393209187775,133.72267780977057,71.82777251681414,187.0137064603396
53.43976748529036,133.82239272281186,71.98296331935649,186.81427663425706
53.47104686707666,133.71476457190926,71.92040455578389,187.02953293606228
53.29631501402243,133.70948490345728,72.26986826189234,187.04009227296618
52.98103294336532,133.68965589827823,72.90043240320657,187.0797502833243
52.917541839907564,133.80262235777582,73.02741461012208,186.85381736432913
52.84137185088152,133.7830124504056,73.17975458817416,186.89303717906955
52.7876681859719,133.32314712520338,73.2871619179934,187.812767829474
52.84993285016536,133.0892352407897,73.16263258960649,188.28059159830138
52.75308746327197,132.78511132752826,73.35632336339327,188.88883942482425
52.590498926031636,132.58316677821563,73.68150043787394,189.2927285234495
52.47483244728387,132.46251042330425,73.91283339536946,189.53404123327226
52.43804046820857,132.38030308431428,73.98641735352007,189.6984559112522
54.54855610964427,132.10055098509977,73.81671503719221,190.25796010968122
54.64363274874239,131.97322023143107,73.62656175899596,190.51262161701865
54.92687658893096,131.77033074750028,73.06007407861883,190.91840058488023
57.45154913511337,133.71522819280528,72.06296368634142,191.0808403943576
57.739966210511525,133.65329996394928,71.4861295355451,191.20469685206965
57.97710022763593,131.57161560304598,71.0118615012963,191.34003629341964
58.33347740032944,131.4903545509501,70.29910715590927,191.50255839761144
60.58693251307642,133.25576710682026,69.80307997820941,191.98261633366522
60.73731946714358,133.18494716468538,69.5023060700751,192.12425621793494
62.61599907248595,133.04972798917237,69.75031935750945,192.39469456896094
62.4531059308714,132.8436107043275,70.07610564073855,192.8069291386507
62.39990452535845,132.65954694637603,70.18250845176445,193.17505665455366
62.506776050305945,132.69289691084393,69.96876540186946,193.10835672561785
62.48729386585571,132.64929023777788,70.00772977076993,193.19557007174996
62.44307788632487,132.64137021710056,70.0961617298316,193.2114101131046
62.45663796511062,132.7880884027678,70.0690415722601,192.91797374177008
62.59318661832049,132.73797261976972,69.79594426584038,193.01820530776627
62.58748141158975,132.64508728705388,69.80735467930185,193.20397597319794
62.64385276522974,132.67217768978412,69.69461197202187,193.14979516773744
62.76486497902158,132.90927946892418,69.45258754443819,192.67559160945734
60.75789819628537,133.19460590360814,69.45416481108606,192.1049387400894
60.9386946743665,133.21847037901262,69.09257185492379,192.05720978928048
60.99374242265038,133.40547054253443,68.98247635835604,191.68320946223685
61.06369900168454,133.7010267024841,68.84256320028771,191.09209714233748
63.112182849234486,133.7507673870643,68.7242661005202,190.9926157731771
61.141324372663334,134.04866193722336,68.69087695325942,190.39682667285902
63.134103509106026,134.09462295199938,68.67130193248772,190.30490464330697
61.11467455420234,134.43579710888855,68.74584533554747,189.62255632952863
61.14733894701004,134.33351406395684,68.68051654993207,189.82712241939203
61.21654188674214,134.10917417438475,68.54211067046786,190.27580219853618
61.340239532719735,133.90185847278053,68.29471537851268,190.69043360174464
61.40824437607452,133.9574778936346,68.1587056918031,190.5791947600365
61.446781116410946,133.9567715435836,68.08163221113026,190.58060746013845
61.48659645859534,133.89775195276346,68.00200152676146,190.6986466417788
61.45882953348835,133.99893438080193,68.05753537697545,190.49628178570183
61.44776919371459,134.09045507313422,68.07965605652296,190.31324040103726
61.45240509076515,134.20296211551087,68.07038426242185,190.08822631628396
61.44477534041026,134.44442921717265,68.08564376313163,189.6052921129604
61.51939594739389,134.34549524751634,67.93640254916437,189.80316005227303
61.5631712563903,134.34989533875773,67.84885193117155,189.79435986979027
61.58116974943554,134.2173658292163,67.81285494508107,190.0594188888731
61.618582169760096,134.15431027740885,67.73803010443196,190.18552999248797
61.61010378155874,134.17682098716142,67.75498688083466,190.14050857298287
61.554294124213925,134.32660889883903,67.8666061955243,189.84093274962768
61.61766196667313,134.5817996074541,67.73987051060588,189.33055133239753
61.63121359280288,134.7357417014139,67.71276725834639,189.0226671444779
61.74850099827929,134.71457949083396,67.47819244739357,189.06499156563783
63.7229157142536,134.72335473763528,67.45433889226271,189.04744107203516
63.67370527252996,134.7372274657461,67.55275977571,189.01969561581353
63.567799662019326,135.08182619272412,67.76457099673127,188.33049816185746
63.43470700130401,135.22380820761626,68.03075631816189,188.0465341320732
65.26071700607768,135.04830606662452,68.29916223750143,188.39753841405667
65.24476328954796,136.59908061570434,68.33106967056088,189.2262919882266
65.0670502528,136.38961758841936,68.6864957440568,189.64521804279659
66.96780980831171,134.79768641464668,68.84013232526868,188.87392469810663
67.06940225840418,137.31935623516063,68.63694742508375,187.7774862442429
67.13689420441492,137.41083384082856,68.50196353306228,187.594531032907
69.16000801021372,137.91635052013902,68.37821793131852,186.58349767428606
69.30998799966083,137.7053932409546,68.07825795242428,187.00541223265495
69.56423290126475,137.9976173956979,67.56976814921644,186.42096392316833
69.74260749041571,138.25610014658406,67.21301897091455,185.903998421396
69.6813288634,139.7167443301386,67.33557622494595,186.85769672420855
69.28595202693,138.49803880765236,68.12632989788595,189.29510776918102
67.04251996689979,135.36867102837502,68.673184819031,191.61383412882032
64.81606929873115,136.03720967892536,69.14302538234433,194.2598176007436
66.02190208597914,134.59638860723476,70.76074855235615,197.14145974412483
63.5548007663047,137.4700444689987,71.59505856916614,199.59393326567468
61.23695505174395,134.64481810440782,72.08068678294956,201.09432277951834
57.08943629924293,135.6708097762662,72.01510897383041,203.22264709286216
54.415320728338344,136.42090998745394,73.15381241445968,205.93197437166657
53.087652397621305,135.11798798488104,75.80914907589376,208.53781837681237
87.76577763172192,145.72963339412502,80.47493418070732,213.43995187821193
69.66825145431781,141.8899380889299,85.10967499096445,216.61072655366635
61.31856579308882,143.29558474395424,87.89711886814646,218.436742392043
56.47202734595262,140.65554286602526,88.16343483063731,219.00344568201012
55.03579212174376,140.2394901791041,86.3096139117771,219.83555105585245
50.7754238742569,139.59577474478039,85.42005792334567,221.1229819244999
46.78799646688472,134.4017381832376,88.68720434735945,222.0956382661243
33.02691005112308,138.82046033971466,92.30859093130846,222.8185084521999
12.996492589363129,136.3109981959568,93.52889183925394,222.9823659877687
-1.1121100337937762,141.154094087631,92.4715538937769,223.0543552683507
63.521730414511296,139.28150061203542,89.5993587854756,221.93817738152993
72.17157967063994,127.56213857382039,86.6821505355496,216.61192093329743
75.4287699375127,126.7280332975288,84.83319861955205,213.61470286813264
81.47063625978492,128.68257143085557,81.92801431269281,209.70562660147908
87.26936840332598,130.70412435518404,79.29273806181206,205.66252075282216
92.91300286267497,132.86464599034866,76.75702128309746,201.3414774824929
98.4846344975155,132.4247812830943,74.15020525153838,197.95298327794063
101.4913426549735,134.0566885087538,72.30952292148915,194.6891688266216
104.65033696439076,136.70380303582817,70.08432943905939,193.48773490887766
107.95873786988344,137.2026329296092,67.50293213680327,192.49007512131558
113.53413864569418,137.8953029042754,64.30081075043772,191.10473517198315
114.89131189686552,138.62597567378793,61.58646424809507,189.64338963295813
117.66710926476979,136.97705369167016,59.86059748785945,189.11550562162077
120.12780998227339,135.81733108409964,58.72568544487582,187.64846144473827
124.09888868689032,136.2083134904795,58.273034180936875,186.86649663197852
126.1910675754641,138.64027286516867,57.81398700778716,185.72788848659803
127.81445595767357,139.02680198752623,58.26790226999782,184.95483024188292
131.32933583125333,138.68618834296058,58.63434785821588,185.63605753101422
133.24187695888241,138.5662700176175,58.52378769154422,185.87589418170035
135.14963107291703,136.59334888755055,58.42416639284511,186.10584951246415
139.16274919631564,138.02188715972932,57.832554008075405,186.9660848991204
141.10810471854273,137.44727735848568,57.66042995946209,188.11530450160768
146.7417216986173,136.9082233806609,57.5882614482811,189.19341245725727
148.54539667111277,136.32881838354862,57.72653422004407,190.3522224514818
151.9810504143819,138.15403681535633,58.384411562189854,190.46637800220842
153.61497072103933,136.58707232338446,58.894960016319445,189.8219179187078
156.8758915770724,135.10039466508226,59.93050777253385,189.01657850117192
159.82258844585445,137.46332835050214,61.60986071344195,188.07708446956826
162.75246772190184,137.72830877174766,63.35789001545831,187.54712362707718
166.3142838256352,139.93581946694732,63.89094906525571,186.96044786530996
168.56592156161668,138.7617599384851,63.21738951318866,185.47885100233847
172.67287043209927,138.8539536010183,62.5961241399127,185.29446367727206
176.4509881746668,137.76076304665298,62.60458621404362,183.69849600636968
180.41338775981941,138.39059196812,62.19932116855972,182.43883816343566
184.461078390265,139.1135024554441,61.572787720940426,180.99301718878746
186.9392190439573,137.65638875260396,60.31889748542689,180.20485352259664
189.35792489881717,140.2226117755493,59.149746730194224,178.74066843119303
191.71487960858605,139.1844420773046,58.06186567693026,177.19097946140866
192.30261176765163,141.40854619523492,56.88640135879909,176.3268226953811
192.59665276832095,140.0355886430034,56.29831935746043,175.52254661105417
194.33848647382106,140.12801470462995,56.34260853989719,175.33769448780106
194.4538668666034,141.97314847990046,56.111847754332544,175.1735727871639
194.43707801118734,143.09212754151872,56.14542546516465,176.45518598316713
196.14158358603308,141.0645890641129,56.274798816550756,176.97187843690116
197.81024288131005,140.83765896767818,56.485580787394284,177.42573862977068
196.02909551575823,139.13808654461673,56.48945194876522,177.2664599061609
197.62216143990753,140.6422954280521,56.85955391060269,177.8142759494262
197.43177578839325,140.2569531211629,57.24032521363123,178.5849605632046
198.93193108923316,141.10606281471803,57.828784555525985,180.47551111966894
198.63407401750476,138.6959008978964,58.42449869898283,181.66939521846467
200.4861009018589,139.67362593194665,58.37479427683874,183.36829449692834
200.41472782442466,138.9347133132202,58.51754043170717,184.84611973438123
200.40310324487214,138.7833159751161,58.54078959081221,185.14891441058944
202.1729753310649,138.6875058148898,58.70693125204549,185.34053473104208
204.02949297275322,138.66266661034007,58.70556194555171,185.3902131401415
205.7295493184293,138.528470923055,59.01779499096355,185.65860451471158
207.32175387318915,138.85551675341526,59.55529134444153,185.00451285399114
208.98449459422827,138.79174884744685,59.95231681717952,185.1320486659279
210.7339619427571,138.67448463248368,60.18499622960162,185.36657709585427
212.61223598867073,138.62814825884985,60.167667849985435,185.45924984312194
212.64868019967733,138.7328141209043,60.094779427972256,185.24991811901305
214.40439494653597,138.700149651089,60.319255297674424,185.31524705864365
214.43874039532824,139.98405150158982,60.250564400089914,186.4883984075807
216.28563575388958,139.6335351893522,60.31313701806723,187.18943103205595
218.32523262618187,139.13742769072076,60.00141494772587,188.18164602931884
216.59216029247693,140.6587840397489,59.691731739353244,188.91476120704505
218.53810645226505,140.56686756214157,59.58036883092224,189.0985941622597
218.63935822937262,141.908463168848,59.377865276707105,190.19648805973964
216.67147836265826,139.83541469419552,59.52070321163971,190.5496632105485
218.51304667152647,139.10535857925208,59.63813274576706,192.0097754404354
216.6321421683522,140.3225464859699,59.57650563906221,193.39883574005316
216.35415857359982,141.58495386267754,60.132472828566975,194.7160055672137
214.11436146977871,140.80104404517496,60.74113922523023,196.28382520221885
211.9319655771012,140.04667676683346,61.20153450332266,197.79255975890183
209.75393736030927,141.32793025588393,61.623303252457376,199.1643404652501
209.35577918459035,142.16869191020908,62.41961960389524,201.44434116727825
205.28321668182193,139.37000719784524,62.54763713425798,203.03315685441885
203.08326298430472,138.5824272915009,62.914107717179974,204.60831666710752
200.94648767877388,135.70946073226474,63.125125993397305,206.2917174507355
201.08473104864325,134.70542485462482,62.8486392536586,208.29978920601528
199.05718611877728,134.1993793850439,62.79013164019253,209.31188014517716
197.00240854857995,133.25187570022877,62.7728506263811,211.20688751480742
196.91697288090833,132.02694936498096,62.943721961724364,213.65674018530305
196.58299676426242,166.61147744343594,63.61167419501618,215.73711524971839
196.4492568907884,133.95074856317183,63.879153941964205,217.5639298569104
194.07078359169665,169.4652777400628,64.37232408567449,219.01907122917328
195.619614322731,171.26701213957523,65.56818309292413,219.7091228994667
195.14460267176736,173.42065341161685,66.5182063948514,219.72734285194602
194.5822046184545,175.81235037793567,67.64300250147713,219.2873306511251
196.23251585697915,175.9314000287178,68.70034765076998,219.0492313495608
195.7349015735513,171.17549554841787,69.69557621762567,219.81280691234744
195.2247604722453,160.16945841275646,70.71585842023765,219.80840825835585
194.5957017812752,139.31716836403135,71.97397580217783,221.71492596476173
196.30345574135998,134.1162404132965,73.03067545555183,223.17236671914438
193.4089531934807,140.41608111284302,74.3073649502312,224.10963212328897
192.56552828788676,135.22616073391086,75.99421476141907,225.39138793510608
191.9816730084936,134.7565375582045,77.16192532020543,226.33063428651877
186.71302081648957,133.92279397961119,78.43355540354929,227.99812144370546
188.61640874717062,133.64223175076464,79.30656837458497,228.55924590139853
183.71987256274912,133.2399453123906,79.69226342523889,229.36381877814662
185.94738328063679,130.7301772744297,79.95942698616007,229.66116985737187
183.3758312316403,132.61350816198296,80.37124315095033,230.62579601546807
183.24253956561813,130.16237973956618,80.63782648299463,230.77551061972764
183.0847254660221,129.58589239655248,80.9534546821867,231.92848530575503
182.87867036463513,129.0325988681274,81.36556488496065,233.0350723626052
182.6504208038405,126.3444398353402,81.82206400654991,233.6063862469912
182.5419753091303,128.34953648891178,82.03895499597027,234.4176499080412
182.58325270080041,128.01236982591783,81.95640021263009,235.0919832340291
180.26176925208864,127.66407048873069,81.75426695259341,235.7885819084034
182.67509849149502,127.81726007547688,81.77896890297554,235.482202734911
182.65162430720113,127.65831370975589,81.82591727156331,235.80009546635299
182.60765468258805,127.5014943634012,81.91385652078948,236.11373415906235
180.22799612760173,127.78629025333237,81.8142704737653,235.54414237920003
182.4825708178868,127.8720001383738,82.1540866214969,235.37272260911715
182.81732694876635,127.51965530972706,81.48457435973778,236.07741226641065
183.18957389591063,132.2068451770427,80.74008046544925,236.4041716483677
183.22926381295275,127.47687164591949,80.66070063136497,236.18080028837016
185.82021173818998,127.4251569804437,80.31583287776002,236.28422961932174
186.22406278582912,127.29910911733265,79.5081307824818,236.53632534554384
186.6344773172163,127.64397869714338,78.68730171970739,235.84658618592238
186.80242369189835,128.12898036174096,78.35140897034331,234.87658285672723
186.8063556835148,128.3257197916021,78.34354498711043,234.48310399700495
186.8542162546891,128.4560705552871,78.24782384476177,234.22240246963491
186.8309962073837,130.78956026078728,78.29426393937264,234.3204876354552
186.57157278601127,130.82778625080635,78.81311078211746,234.24403565541706
184.0441122822478,130.94766397240292,79.09232384154163,234.00428021222393
183.82408342091756,131.2580230776469,79.53238156420205,233.38356200173598
183.72024600206095,131.80330423358498,79.74005640191533,232.29299968985978
183.65825677223472,131.99549270116833,79.86403486156775,231.9086227546931
183.74179505831825,131.83031507767214,79.6969582894007,232.2389780016855
183.4817179802375,129.10845844380674,80.21711244556218,232.91941905317208
180.8064843271713,126.58063851514031,80.78512818861017,233.19260734742053
180.64636757745006,126.39938675866136,81.10536168805262,233.55511086037842
180.2714707432593,126.46257373419157,81.8551553564342,233.42873690931802
182.0966010960622,126.34140811295185,83.02441741060245,233.67106815179744
181.5480653059358,123.39999636924644,84.12148899085518,234.7096776796441
183.90593846392807,125.24969988164807,84.28468799462505,235.88921597459517
186.21675389079562,124.99527772236834,84.5618175651008,236.39806029315463
188.4202639408864,127.57285274065504,85.0658528895382,236.15396568120025
190.6914812541298,129.79384494402103,85.44011579895175,236.62867881036854
195.27330969979394,129.97074127221924,86.13698105505627,236.27488615397212
197.4830251782691,127.45557288765546,86.65535697515143,236.36741604605422
202.20092111182947,129.45916735178605,87.11656264969741,237.30872588862647
204.25416455874134,129.20545132291954,87.98037869505454,237.81615794635948
206.22553881076703,129.21357979908353,89.0307916897447,237.79990099403147
208.32481907555186,126.70676084851709,89.84409605116133,237.8016740041781
213.1440537805029,126.50122604967704,90.25868888266172,238.2127436018582
215.47373229169838,128.70332118791316,90.63921572633984,238.84843719145508
218.13860839064728,126.15024497555467,90.36530815682082,238.8987449877933
218.35146480136348,128.48953068465423,89.93959533538839,239.27181392723406
218.6094669782105,128.32349696815047,89.42359098169439,239.6038813602416
218.9655070919369,125.94360061621553,88.71151075424153,239.31888004280736
221.93331758893825,126.1827353686277,87.8037627763012,238.84061053798303
222.1488505945701,128.6874599390377,87.37269676503749,238.8358034055835
222.97017267844228,128.4897568506169,85.73005259729314,239.2312095824251
223.90688010778354,125.8762223249571,83.85663773861064,239.4855606878691
224.6364611561475,128.37245109223238,82.39747564188266,239.43545384879678
224.940341422241,126.01206021288007,81.78971510969568,239.241154059447
225.129496189287,126.29401919368755,81.41140557560365,238.67723609783206
225.03474250325212,126.29493256457923,81.60091294767349,238.6754093560487
225.04965419336483,128.46271125901086,81.57108956744806,239.2295795659944
225.00776954872367,128.36512294680284,81.65485885673037,239.42475619041045
224.82733666358848,128.15028018292904,82.01572462700076,239.85444171815806
224.63623375537435,125.4690896837224,82.39793044342899,240.3027267949931
221.66969187068668,125.26337407464192,83.40356027139634,240.71415801315408
221.36708125119512,127.74221416458869,84.00878151037949,240.70811671097596
221.12921958748854,125.17535517807549,84.48450483779267,240.8792705422218
220.88548517200712,127.92730482667622,84.97197366875551,240.3490263269848
220.69943665600405,125.22504591164221,85.34407070076163,240.77860551552584
220.59475344033837,127.91846206993218,85.55343713209301,240.37960080989748
220.47169322548513,125.34178568313473,85.79955756179949,240.54702733107638
219.9277200457174,123.30627562399535,86.88750392133493,239.62526578841644
222.8741494600946,125.96672839409388,90.9932627815781,239.30366909271817
221.06597746081536,123.31274140402522,94.60960678013656,239.54290313981687
219.05690400568997,121.1616497472069,98.62775369038734,238.70807749833256
217.5420539704423,123.99119438060583,101.65745376088269,238.24559616489677
217.68474032624107,124.13099857316138,101.37208104928519,237.96598777978568
216.1354688330128,127.00626794158372,99.23607096233863,237.45000211634405
215.39090212333167,126.9168655654215,95.53595345725208,237.62880686866848
214.37390728234718,127.27072131359286,92.44393680678485,236.92109537232577
215.60530314669617,127.09904853005592,89.98114507808685,237.26444093939963
218.75993218191022,126.80421603284918,88.69317793516989,237.85410593381312
218.92344698324706,129.49235367706106,88.36614833249621,237.48438925517695
221.40709636908386,129.29227147299562,88.39421626278994,237.88455366330783
221.3116094591712,129.33254231292779,88.58519008261526,237.8040119834435
221.32525127196732,129.31151984336614,88.55790645702304,237.8460569225668
221.3621354275062,126.84215312795664,88.48413814594528,237.78078527774034
221.34623130506264,129.4205415309774,88.51594639083237,237.62574858790674
221.42873946125943,129.49289603455946,88.3509300784388,237.4810395807426
221.59039876617817,134.31726063469307,88.02761146860134,237.82239909205293
221.933023112231,131.76712252902956,87.34236277649563,237.92857226998024
221.97324722296145,131.7528048616066,87.26191455503479,237.95720760482618
221.9870033375273,131.72729651054573,87.23440232590302,238.00822430694794
222.02575403346634,131.76162741411682,87.15690093402496,237.93956249980573
222.09837612251556,131.62970211639492,87.01165675592654,238.2034130952495
222.09958661760692,134.05838863827262,87.0092357657438,238.3272523166704
222.206083783393,131.22309378315487,86.7962414341716,239.0149014487284
222.37404075250532,131.31101875501164,86.46032749594698,238.83905150501488
222.4963939680542,133.94996536381024,86.21562106484924,238.54149328089153
222.6051488647201,133.8521799678282,85.9981112715175,238.73706407285565
222.6938756020203,133.72480557504338,85.82065779691703,238.99181285842525
222.71406754115833,133.68818947207671,85.780273918641,239.06504506435857
222.7533552237377,136.19360922376723,85.70169855348222,239.02545842865885
222.72238988855128,133.87360300612926,85.76362922385509,238.69620746948686
222.71447295447135,136.41348604470483,85.77946309201496,238.58212041892824
225.2778679972867,134.0293885705584,85.61700792665462,238.38598044695064
217.84301040102105,136.8207610764116,85.61095784520343,237.76182385990515
220.36410611966528,131.97086489873874,85.51832246249604,237.56250410608877
223.02736249475254,134.6312979588455,85.13683860334376,237.18666687689756
223.130463983313,162.46976825045647,84.93063562622285,235.7699366512184
223.12558369649358,137.8457600757427,84.94039619986172,235.93036794191482
223.12984080895185,135.3077128389284,84.93188197494516,236.0952334727149
223.1998934915535,135.37553412875593,84.79177660974189,235.95959089305993
223.21021113619156,132.86112597579836,84.77114132046576,236.0794521824531
223.12625728040075,132.71120692858312,84.9390490320474,236.37929027688358
223.01872892459784,132.6159620931571,85.15410574365316,236.56977994773564
222.86645263081613,132.50503225558828,85.45865833121663,236.79163962287328
222.74377385941193,132.41454463002773,85.70401587402503,236.97261487399436
222.61824903904355,132.14017485360168,85.95506551476177,237.52135442684647
222.5223359432083,129.60715553634287,86.14689170643226,237.6350462892189
222.71987778354233,129.1598932312629,85.7518080257642,238.52957089937883
222.83093020848122,128.97520805518562,85.5297031758864,238.89894125153342
220.29588478312965,126.20914654269156,85.63545559208835,239.4667258420204
220.54378590494605,128.3089838376904,85.1396533484556,240.24142076216629
218.36431418596015,128.37892548292692,84.52215146081778,240.10153747169323
218.51420142237333,126.1518225190971,84.22237698799141,239.5925069118536
217.6967760009083,126.32936171222221,85.85722783092152,239.23742852560338
219.23018696025193,126.22957238668664,87.76551698640442,239.4370071766745
221.18682493701618,123.16259531068616,88.86472916583384,240.5584731957175
223.32746504454923,123.0834520540365,89.63183896550379,240.71675970901683
218.38611366703503,127.99281595047103,89.38555607273489,241.0270175639451
221.36748070842594,123.08057495137959,88.48731854229098,240.72250645745225
221.60179705369205,128.01770221674968,88.01868585175873,240.9361031612329
219.36467661207038,125.63188502084563,87.45441009748987,240.66922091552885
222.1048767442024,128.3675964812865,86.99850615745694,240.22229431887823
220.04995381015192,126.39943607213105,86.09849578561898,239.14875889725025
220.5948932041074,126.83418828956081,85.00861699770802,238.27925446239072
220.77877330481977,127.22512669109594,84.64085679628329,237.49737765932048
220.51535762806725,127.41470073694336,85.16768814978835,237.11822956762563
217.68653267697903,127.45826642378705,85.89301106933124,237.03109819393825
214.36202134117156,127.18807393573447,87.59782143865652,237.57148317004342
216.38180465357067,129.69830301247555,88.54100892339156,237.5337791260945
222.31308943225397,127.37393108288221,86.67689202123081,237.18329665767826
225.92214030716562,130.12151673689976,84.4193546342287,236.64868971246432
224.72131969346,127.87126244150576,81.90894156785538,236.23714400946773
226.108660239363,123.42825660236923,79.1342604760494,235.4020075463743
227.17771057440683,123.84449327380537,76.9961598059617,234.56953420350203
228.53429921760804,124.24554548835746,74.28298251955931,233.76742977439784
229.53744209557868,124.49457544188257,72.27669676361803,233.26936986734762
232.68690390062005,124.30112941250198,70.61953685643051,233.6562619261088
232.93318073416708,127.11603238083336,70.12698318933641,232.643034285392
231.05566950488947,132.28304611879207,69.28890073388035,231.49521663749718
231.32857163304132,130.41103559372826,68.74309647757667,230.67792256549114
231.4762532783751,128.48889679516043,68.44773318690909,229.9825798112752
228.90216613665226,126.32130748385853,69.07160806045708,229.7934590239812
231.1904341650612,126.57465527149441,69.02827492151908,229.28676344870945
231.63039043405706,122.62285854723453,68.14836238352737,228.13990050970682
231.99227839528308,122.8108466530187,67.4245864610753,227.76392429813848
235.04333283423912,127.33843591061904,65.79638998028035,227.65657057717215
233.65267553599384,127.56421438557767,64.13561614009318,227.20501362725489
236.8610080433706,130.20785318087187,62.12365767123785,226.3224425825647
237.46401403987528,130.34120137797368,60.91764567822847,226.05574618836104
235.82586703660067,132.91993166138445,59.86577781145794,225.22644749485937
236.34512291121564,131.1172968002043,58.82726606222798,224.53502795280934
238.5712117949352,131.23633941084975,58.642468473932226,224.2969427315184
238.39939937731216,130.93703396150778,58.98609330917833,224.89555363020236
239.9921875334081,131.66517814471536,60.07596405053796,223.4392652637872
239.54100622081796,130.33540129501563,60.97832667571822,221.82332286622295
241.08749838745612,131.74991320274825,62.15503403703853,218.99429905075772
242.81819598081603,130.97923583137987,62.94547054054115,216.28382210327206
244.98408138383508,129.8596512270189,62.842004705204424,214.29468634129265
247.10849622792657,132.27014618092417,62.79144387750303,213.67196529396375
249.30747483768621,131.178972054926,62.58201258471441,211.66578761922943
251.42874165160174,129.57822533454262,62.49574706106067,210.7110129558189
253.15102429364933,133.84845144427317,63.19234495027973,210.45288708298614
254.99298176581823,132.2945411535759,63.658874308578696,209.4102633617439
256.7033941544308,132.77187800352738,64.38238233056487,208.45558966184092
258.4576531987331,133.5099233530458,65.01805939284684,206.9794989628041
260.08996263754165,134.31102836781199,65.88844325654871,205.3772889332717
259.7272379302094,135.48540411193608,66.61389267121316,203.0285374450235
259.1088767335766,136.32239134720137,67.85061506447882,201.35456297449292
258.34170266223924,135.30806842727856,69.38496320715349,199.27615354369516
257.6328757242151,136.22759160757306,70.80261708320175,197.43710718310618
257.3981622064365,136.91074103270594,71.27204411875906,196.0708083328404
255.987593369933,137.28736972209228,69.99934423384107,195.3175509540677
253.0159790815204,137.33603209063853,67.82251810791146,195.2202262169752
254.0477476838196,135.96611441357595,65.75898090331312,193.94095100315647
253.2791001723263,136.38862942938206,63.333012286157754,193.09592097154427
254.2048168337617,137.24653979047943,61.48157896328699,191.38010024934954
253.00129003728787,137.6449611518005,60.04015961676698,190.58325752670743
253.27199866932196,138.21396247475255,59.4987423526988,189.4452548808033
253.44102747153917,138.76883440571902,59.16068474826437,188.33551101887036
251.6388565253219,139.46180357558507,59.00250476128108,186.9495726791383
253.45268385879103,138.4160099999828,59.1147941031721,185.30121582151347
253.41477167339184,139.15181074026773,59.190618473970545,183.82961434094364
255.338597538483,139.86644064748978,59.0420822560594,182.40035452649954
255.61795661399807,138.80485740976718,58.48336410502924,180.84743879808303
255.84893695001023,139.6357388294379,58.02140343300496,179.18567595874157
257.9106062460675,140.0169152185673,57.50972414119191,178.42332318048275
256.5190101049694,140.31871549609554,56.701488908754605,177.81972262542635
258.25863418456254,140.49586773613976,56.79023148431894,177.46541814533788
260.0632224610851,140.65569112245336,56.74564835799832,177.14577137271067
260.14643179820587,140.84073982747705,56.57922968375683,176.7756739626633
261.883635181312,140.70152721695516,56.655740894126225,177.05409918370708
261.72830336055586,142.3015736839642,56.96640453563856,177.41028515364965
263.0834745615302,142.70840485961156,57.823112958998465,176.59662280235486
264.35148275856324,142.60359973785626,58.85831908938046,176.8062330458655
265.8994684102832,142.3840788369528,59.355517625724744,177.24527484767242
267.4386207947081,142.22325581848554,59.885726988941485,177.56692088460696
267.3813645297108,142.26617254010023,60.00023951893595,177.48108744137753
267.3745085614894,141.89031859718096,60.01395145537873,178.23279532721605
267.49584119331064,143.35951221167088,59.77128619173632,178.92901789728182
265.94108630612385,144.8280838783587,59.24071099573105,179.63195953428487
266.0926065956647,143.7680049897285,58.93767041664945,181.7521173115453
264.36729636488934,145.20338810827155,58.72333697447861,182.54630497818076
262.66070237215973,142.88510402480188,58.46422690229643,183.5105750874788
264.38513389206685,142.44285357353965,58.6965873225099,184.39507599000325
260.61579778055284,142.05705019230754,58.8391463480786,185.16668275246744
260.576410899694,143.32255794028936,58.9179201097962,186.34730098598106
258.4150800332027,142.8290920364024,59.51074221955254,187.334232793755
258.26300012290307,142.69722711124888,59.814902040151715,187.59796264406205
258.16913184631784,140.55397357215594,60.00263859332218,188.12036081935614
258.14332458320575,141.86428990082138,60.0542531195464,189.27470853525432
258.0961517333346,141.4016139773821,60.14859881928874,190.20006038213282
257.9505110497936,139.3614282486047,60.439880186370665,190.47324611353787
257.85978754090985,141.00537871933813,60.62132720413821,191.0017735607587
259.79678516101905,139.021219900358,60.574603232964634,191.14281992967418
259.8460026834259,138.82561837986776,60.47616818815081,191.53402297065463
259.97666445197933,138.48053727297747,60.21484465104402,192.22418518443519
259.96820813104114,138.54006788291042,60.23175729292036,192.1051239645693
259.9859632090093,138.44775132238294,60.19624713698405,192.28975708562427
259.88724025733916,138.44447822208517,60.39369304032442,192.29630328621982
259.7520161473819,138.49571453778574,60.66414126023891,192.19383065481867
259.7482542900005,140.22250028055112,60.67166497500174,192.58523512241024
261.71873422737957,138.2985513319071,60.58137285049263,192.58246526944924
261.7501307075984,139.87334786322492,60.51857989005498,193.28183597948
259.8779231897169,139.79257905353342,60.405269411812824,193.44337359886308
259.82920519803884,137.75503703920353,60.50270539516893,193.66053222837655
261.65329647442195,139.6045495329888,60.71732588618926,193.8243102845925
261.6548650705075,139.34232102838232,60.714188694018006,194.3487672938055
261.71060341342246,139.20669259918856,60.60271200818819,194.62002415219303
261.7577641091515,136.90838843031105,60.50839061673008,195.33837845266095
259.81133880208904,136.81683945996608,60.51454577112332,195.5214763933509
261.71581072327456,138.58028287079634,60.59500631830855,195.88399396124657
261.8555116810788,136.64126731634042,60.315604402700096,195.86599581359255
261.8377626613503,136.4186116272185,60.351102442156915,196.31130719183642
261.79661305207657,136.31740440958947,60.43340166070445,196.5137216270945
261.6713280671571,136.30638095233041,60.683971630543404,196.53576854161255
261.60533382636265,136.40810155781026,60.815960112132316,196.3323273306529
261.5756537028982,136.37231703043963,60.875320359061234,196.40389638539415
263.3955573262812,136.28576764063578,61.14409066945798,196.57699516500185
263.26525939803827,136.27697292759146,61.404686525943944,196.5945845910905
263.14947381685954,136.22120108676444,61.636257688301356,196.70612827274454
263.1913565488345,136.01915979452104,61.55249222435148,197.11021085723135
265.0689643531366,135.69235526986216,61.72837202484638,197.7638199065491
263.01302404951366,135.4781721604687,61.8966428319059,198.19218612533604
262.9202701330612,133.07808283844525,62.08215066481084,199.03957497852093
262.7988575086184,132.56516557540954,62.324975913696356,200.0654095045924
264.6263517881217,134.1055070141923,62.65724486842951,200.97198414076658
262.24860840449503,133.42210938771265,63.40648601215596,202.33877939372593
261.97617813367765,132.46250927096978,63.951346553790714,204.25797962721168
261.85743809790154,131.34815448981027,64.18882662534297,206.4866891895307
264.0283135098878,135.6716140633835,63.95978704940069,210.17790378647533
264.1687859205727,134.2629882556237,63.67884222803096,212.9951554019949
266.33441936757436,133.0071239393963,63.54301941507151,215.50688403444966
268.95447972798365,127.81523063637518,62.53134323270313,217.43378156359157
268.9332452095256,132.29821320228467,62.57381226961923,221.17830247752846
260.7407653675582,129.24396903741768,66.08734262050339,218.70583791856203
259.6921560426929,139.53334930892424,72.5054966820812,215.41081902293763
244.59292701532587,144.86173220186907,80.74260319873864,213.5385938522786
232.69295984838834,147.70733549365218,86.48315211761881,212.36223362246105
237.0577198862777,154.81176330586396,91.55563494161547,211.95538089781292
257.77819253814675,158.79156277785768,96.96208239012269,213.3652605042745
257.8088702607051,143.05239549062168,101.70105229975752,216.04164295023708
280.70498203538835,146.52804621872673,105.13042861180597,218.93466146631
286.39658270834406,143.03518367914543,108.81952486188102,220.89628734681042
233.59985492965876,136.88016479199248,106.95952406317784,217.8558313559629
222.30445378162852,143.00564682068747,99.3096007047253,215.6851091834106
225.56609596662284,136.9137190437247,92.78631633473668,213.24343737509867
223.54896995308079,133.56403173980095,87.37034638445262,210.49259000557797
221.98981060353597,130.82034769370955,81.30970734283999,206.80100035705857
222.90247764750293,131.95027294345164,75.05610173820325,204.5411498575744
221.07075071441895,133.92651096220408,70.15268270747997,200.58867382006954
218.82453647517195,133.50181781947913,66.36892533626153,197.29996718066317
217.88806704062011,135.00623895926998,64.21961994763208,194.29112490108145
209.3649461974295,137.91504335908095,65.50546886629378,192.4136142933894
208.80828819299242,138.47768640046564,66.61878487516793,191.28832821062005
204.43073962149035,138.83123098485646,67.49165290207308,190.5812390418384
202.1554129359518,138.73034723052876,68.09542554980673,190.78300655049375
200.7044989655884,136.76870145671566,67.0365380369789,190.7455826445654
199.31987416633234,137.06527506570356,65.8648245887012,190.1524354265896
198.21027992381573,138.42109320123484,64.17282261001097,191.35198961925053
193.67080294385804,138.03977892246536,61.559527050761055,192.1146181767895
191.07491489498466,137.23897708867608,59.03062844302932,193.71622184436802
186.39820609364415,136.57423812317646,56.87490385192688,195.04569977536727
183.31140352635265,135.03804840129834,55.418188863643564,194.3029191576904
179.82281053198042,135.26947969989988,54.84036348556202,193.8400565604873
176.1582505847505,133.69505935192697,54.64912820384383,193.22871966834407
169.35731080535595,134.14269178279798,57.00707687586598,192.33345480660205
162.0307494960826,136.69082878659293,60.32236550350727,191.0164587959806
158.93214769770393,135.27090501079942,62.69759718743416,190.03433443473716
156.37290647914307,138.64788843814608,63.964413470923546,190.98369988730855
154.29571727962568,135.97860782967032,64.23042890613841,192.43389814044014
150.7999052980462,135.69299634870492,63.39431203370373,193.00512110237094
149.10145699297564,135.14394093280674,62.884524515256935,194.10323193416727
145.55577008058225,135.33051839800783,62.15002221004751,193.73007700376513
144.16027918079587,133.0732602178646,61.04686583784407,194.35045519227538
142.51237805521524,133.70103370714298,60.46004114918871,193.0949082137186
141.14407015233496,134.13508999778966,59.342662523860426,192.22679563242525
139.53545826768604,132.9321761718034,58.73883343694018,190.8115704281797
140.07113491501897,133.6790965132102,57.66748014227433,189.3177297453661
138.56436209971915,134.14327076982767,56.9321756390217,188.38938123213111
138.87499838590725,134.64653305104366,56.31090306664548,187.38285666969912
140.71770933747666,135.036458080227,56.32179892943914,186.6030066113325
142.49813190597285,135.61581842241185,56.446436062023864,185.44428592696278
142.43306188955194,137.65832458851028,56.576576094865686,185.03065990714822
144.13826468196405,137.70955380297636,56.83410792969665,184.92820147821607
144.07880451011485,137.7842117335212,56.95302827339502,184.7788856171264
144.02723744057715,139.59649153923326,57.05616241247044,184.82565982072651
145.77292512712486,138.55991894383124,57.23869022100287,183.2249018299027
145.67726938209887,137.8928907884843,57.430001711054814,180.90437616350587
147.46211259329988,135.9964445823703,57.485503772133995,177.44689160877158
147.63031868048773,135.89805997461735,57.14909159775829,174.06655009254834
145.96181586536085,139.18223480179122,56.9632076745506,171.02108999166205
147.71510713726605,139.05492571418296,56.93278825275958,167.79954504485926
144.46253077944394,140.10990871668423,56.57846560972769,165.6895790398567
144.8241322890013,142.6044586373632,55.855262590612924,164.09368759231774
145.08932600024394,141.7580026068781,55.32487516812769,162.42932574120658
143.59376947949178,141.1612315268561,54.99210692577975,160.29898661739836
144.31998957410136,143.00922824134324,53.53966673656059,159.89044409027176
144.96386963731516,143.43968016341927,52.251906610133034,159.0295402461197
143.8504321201086,143.8670245625034,51.25949402681322,158.17485144795148
142.66572011755858,144.19155852249293,50.439989417463124,157.5257835279724
144.64257869882053,142.340043431565,49.65091827165513,158.06416769311235
145.00391831176972,144.1044658155371,48.92823904575678,157.69307611992002
143.52982504953303,144.27102064741024,48.7372728220506,157.35996645617377
143.43890714418268,143.1356572757482,48.919108632751346,156.4997900842491
145.02393760088276,143.64099859741341,48.87111326108396,155.4891074409187
143.14740785922797,144.21978201886884,49.51732716368483,154.33154059800788
142.95313920371595,144.61152402613206,49.90586447470889,153.5480565834814
142.68521158121135,144.5334707361007,50.441719719718094,153.70416316354414
143.80004691977283,144.52792458749764,51.32242513599893,153.71525546075023
143.3876409930025,144.65206238859278,52.14723698953958,153.46697985855997
144.40541577783094,143.27079367309278,53.249886589545035,153.09131811989764
144.23990039693334,141.92887992518237,53.58091735134023,152.6222097811634
144.03975967888329,141.77290562230223,53.98119878744036,152.93415838692366
147.21509800264636,141.45835905189162,53.95849138160302,153.5632515277449
150.65305520353303,142.49213373690918,53.427685116515164,154.66825622605248
152.76810092747314,142.33643188814278,52.376259122287074,154.97965992358527
156.16003275728738,143.67557727038738,51.92025259452537,155.46529772502953
157.7392037032869,143.52574071995375,51.92441862429973,155.7649708258968
161.028765997628,144.81720258227185,51.678992347972056,156.34889625743784
162.37208411720596,141.6193609216749,52.16302017271795,156.4032514508281
163.2525779464708,141.59975347557634,53.582331126483695,156.4424663430253
164.20158807233958,142.0333636494993,54.89108975142992,155.57524599517933
165.57974030095156,142.20334070580483,55.35300461858539,155.23529188256828
167.09754069059068,143.3635876777982,55.539149070185786,156.1365431694602
170.80495428928955,144.73864839488422,54.600316817132985,156.62441920746062
170.86985722686381,148.483613689329,54.47051094198447,158.81822116818378
172.8336679119472,148.46969810102837,53.799724583254914,162.10288735622223
203.00132046012126,176.2188097556006,56.00024201656837,165.8491274962308
202.8012471097193,161.69727113766146,59.785316206184845,167.8127848216089
192.6833819318506,163.508631384787,62.611917888705946,171.15371579664435
192.99552284536503,155.48364191354221,65.56840187592545,176.46139729638878
186.27600948380143,153.41914021667895,67.87704584052622,180.5904006901153
185.55423725771078,146.22754071882764,69.32059029270748,187.35181294626656
186.72326889557758,145.8517339045606,70.91631720457303,195.97100694999898
185.8288390765517,144.90648138503053,72.70517684262478,201.94748663103763
187.07663040041382,144.3497333197499,74.41340995366971,207.26479852036806
186.29596162037421,142.0139243522907,75.97474751374895,211.93641645528643
187.44064555088534,142.45492984267972,78.09121181639503,215.46023763817675
186.28669544794676,138.82640988623007,80.39911202227218,218.22274160059698
185.26717269518858,140.33094345264522,82.43815752778852,219.7894512149304
186.64560878095457,139.64424109366888,84.31627061560552,221.1628559328831
185.79760325785568,138.8086976321007,86.01228166180327,222.83394285601946
185.05919463799614,138.69719274404468,87.48909890152234,223.0569526321315
186.78332178371085,138.30919523729116,88.81341252700214,223.8329476456385
188.7492876547492,138.16075172413548,89.68889280389325,224.12983467194988
188.3689115971542,138.25567689794707,90.44964491908321,223.93998432432673
190.58488478214272,138.2303980715306,90.85585473687134,223.99054197715964
193.0381274988289,138.20536533131119,90.79549285300158,224.04060745759847
195.29584479930435,138.19606992961027,91.12582772474036,224.0591982610003
197.8341260390033,138.27771411548989,90.9011869893892,223.89590988924107
197.7970189182498,138.35032794829078,90.97540123089622,223.75068222363927
200.2172369319534,138.40142625612563,90.97976176944557,223.64848560796958
200.01086135403307,141.02133050736083,91.39251292528627,223.25207850980775
202.38036995845096,138.743795329397,91.4985301485755,222.9621144336104
201.90851115651293,141.4720709190813,92.4422477524516,222.34830259994868
201.53128699766683,139.28022488915778,93.19669607014379,221.88134033558646
203.9618979074928,142.2246498757516,93.19277158228283,220.84978769418987
206.44309475497204,142.6791601139203,93.07270297390201,219.94076721785245
206.64078514619058,142.6822677155418,92.67732219146487,219.9345520146094
208.95821703009148,145.02951104023305,92.86242596633636,220.06003290790017
208.99667685971178,142.33812986287168,92.78550630709569,220.61773468126904
208.63382279282263,141.96650583175915,93.511214440874,221.3609827434941
208.11966647512807,141.72390331368513,94.53952707626313,221.84618777964212
204.96691727981664,138.94619541750959,95.9644522611247,222.52103036623197
201.72985006917293,138.84158058307386,97.52305967119617,222.7302600351034
201.2337863764796,138.7746640925085,98.51518705658279,222.86409301623414
200.56595068269078,141.31998631019675,99.85085844416045,222.73892500492752
199.90833504344278,141.27775712270045,101.16608972265644,222.82338337992016
199.37801028946865,138.7058006397679,102.22673923060471,222.95583191686734
198.68944812198268,136.19207723655254,103.60386356557666,222.95130023366931
198.3310273504726,141.31651992449324,104.3207051085968,222.8144328695996
200.36622468783844,138.6021341414343,105.31685154487192,223.17666332471072
197.28528549397268,138.3976227394079,106.38952614765053,223.58568612876357
197.26352993130936,136.12755732738555,106.43303727297717,223.01195061447356
197.04211235666378,138.79200793173266,106.87587242226832,222.7893067720366
199.46707009223934,138.95270788704715,107.13667600690232,222.46790686140758
199.12080852347117,138.98418913992145,107.82919914443866,222.404944355659
196.16691767380252,139.05693345647677,108.61529368216804,222.25945572254832
195.79076353853262,139.11434234540894,109.36760195270784,222.144637944684
195.64829043997872,139.21296788422342,109.65254814981566,221.9473868670551
198.27203913888968,139.23424889767077,109.55169403262906,221.90482484016036
198.33161821147382,136.861431075915,109.4325358874608,221.50618774178167
198.576162934412,139.45547924965672,108.94344644158444,221.4544685585266
198.85389222215665,139.25916442648082,108.38798786609516,221.8470982048784
199.20725079706358,136.4002882530937,107.68127071628126,222.44160734381995
202.01818120763608,136.20133090167744,107.1790615322696,222.83952204665246
201.869309379597,138.5646732460924,107.47680518834773,223.22956472947385
201.89699347672635,135.96878432143933,107.42143699408905,223.29374319200724
204.74930183600168,135.9567364484007,106.84439317714325,223.3178389380845
204.5218528039236,138.55096990081472,107.29929124129947,223.24725412686223
207.25659900983754,138.72800519883617,106.95456823763881,222.89318353081933
207.0752183423706,138.7676911568264,107.31732957257273,222.8138116148389
213.29270740035435,141.065776807831,105.11986614356695,223.3363976563105
219.49575085614057,141.37782891793734,102.88996807738732,222.71229343609784
225.73031299886873,139.1466258414835,100.5009364811541,222.13465324439397
229.0882419990674,142.09307582043178,98.77486986944066,221.23154467518128
232.13258103325185,142.5462141581283,97.63255789681563,220.32526799978822
234.9084936099487,145.3270322949487,96.99386123887366,219.67676022159912
240.20231442526864,145.59387276236487,96.1911856525804,219.14307928676678
242.91869753750385,147.9674430471647,95.62902886476189,219.266548153819
247.99955785372677,148.16882253416645,95.19228397568573,218.86378917981554
250.56759570330445,150.71616712773533,94.90515879262844,218.6180505087758
253.22625786323175,151.15421976891287,94.42816002079893,217.74194522642074
257.98633609337674,149.1006088703842,94.5464473760938,217.02994511568562
262.78435497756993,149.4995898047436,94.57240770305259,216.23198324696685
267.98789014850297,154.76621927676308,93.76513412022254,215.29852106196395
272.8511707861573,152.4797444834972,93.58285448841444,215.09932982674545
280.0439016850771,150.76698198196732,93.4955138742534,213.75881443524568
285.0711697892265,158.48629961323647,92.93114477569588,212.55542983731908
287.89745101529473,151.34809254558542,91.9962824117703,212.67874370798836
290.7279367708543,156.58591372737513,91.03830191463754,211.60908337238158
293.12987507820736,156.45698399888818,90.9050140505345,211.8669428293555
295.18882068042643,153.78033192732187,91.45908662353554,212.54828319504895
297.094252009981,153.6800471721068,92.33983802443248,212.74885270547904
296.6664228261218,151.01166880845338,93.195496392151,213.3755386325417
296.3012158587847,153.22269171881385,93.92591032682515,213.68773425769143
296.3483957503386,155.428560818691,93.83155054371733,214.0276349303578
296.34812808698297,152.94905583070653,93.83208587042859,214.2317432183113
296.3609510370284,152.89003551286885,93.80643997033773,214.34978385398665
296.49324968224425,150.2451985610041,93.541842679906,214.88033114754523
296.5327505109967,152.38516549018595,93.46284102240116,215.36254264857246
296.4466776132142,150.0672641863245,93.63498681796608,215.23061127490016
296.1454632766511,152.47596944329922,94.23741549109232,215.18206207629885
293.35075396468613,150.2650576021461,95.04805221431755,214.82510385790033
293.09101364595097,152.8183733729415,95.5675328517879,214.50635918896282
288.0295751622601,150.6551973586623,96.10560322225093,214.0403079190619
285.6039467434504,152.92836471139242,96.16176322044446,214.28907005302744
280.92796187373136,150.447285673905,95.91434446977391,214.451533882948
281.327146118898,150.3402755872517,95.11597597944063,214.6655540562546
276.55537079573884,150.6325563339891,95.08598905157349,214.08099256277978
274.0442606473998,150.76046669462488,95.33044579552306,213.82517184150822
274.06325608969627,150.87245151223226,95.29245491093016,213.6012022062935
273.6093545324237,150.81130037858335,96.20025802547522,213.72350447359128
273.34211984190915,150.48546760232804,96.73472740650439,214.3751700261019
273.0674454654511,150.19913003854577,97.2840761594205,214.9478451536664
272.9577571018875,150.00661256805546,97.50345288654756,215.3328800946471
275.7254298138736,154.82628727029027,96.80651241703464,215.3703405990958
276.25371445308963,149.7093083037322,95.74994313860262,215.95086866193216
277.06169701076374,149.3824039485311,94.13397802325434,216.60467737233438
277.85064061222704,151.6368832190262,92.55609082032774,216.8932822256349
278.3655683270744,151.4907222523308,91.52623539063302,217.18560415902567
278.5452329932243,151.4665262990217,91.16690605833317,217.2339960656439
275.9403241707845,151.3315244351059,91.62254221887702,217.5039997934755
275.69934450275923,151.40973393234756,92.1045015549276,217.34758079899217
275.50470676661706,151.35096408060627,92.49377702721192,217.46512050247475
275.0157891446663,146.59717133521326,93.47161227111333,217.41065174852884
274.7583816568008,149.17657397886273,93.9864272468444,217.04937927378728
274.5179507805978,149.27989798310352,94.46728899925039,216.8427312653057
274.5764792364262,149.3918786002736,94.35023208759358,216.61877003096555
274.79673301816007,149.35371678746515,93.90972452412589,216.69509365658246
277.6688899895032,151.68259802095426,92.96032520418316,216.83224581234782
275.5270179243852,151.6481286979806,92.46394188621859,216.90118445829512
275.92634000605364,153.8328717872359,91.6652977228816,217.3040436614905
276.0938613391556,151.49144708524577,91.33025505667774,217.22286547265224
273.47723402176536,151.28416417929893,91.80659289724375,217.63743128454593
270.8930941513553,151.19125492126165,92.20352434270262,217.8232498006205
270.5006988359689,149.19771826433066,92.98831497347545,217.02925805207974
267.9100847458912,154.02092464496772,93.3860709603911,216.94978967728508
263.1004772554501,149.21646864055754,93.42658034139578,216.97999608622789
263.2366159674762,149.38907669803723,93.15430291734347,216.6347799712685
263.4974858333854,149.33692092715745,92.63256318552506,216.73909151302806
258.7981466409585,147.1404156482884,92.48527311854166,216.3591178448475
261.6215749300791,149.56337202116907,91.60330026676326,216.27808882554908
262.35241513422005,147.11764300969577,90.1416198584814,216.42144355908752
258.1988432813558,147.03575299927672,89.00024580609525,216.58522357992555
261.05730866417093,149.77478182622585,87.9896583842706,215.813509269833
256.56497655829264,149.84980405568905,87.61985241159728,215.6634648109066
256.6542071556959,152.49765744226391,87.4413912167908,215.03624540959166
256.77644597039784,147.77537504316774,87.1969135873869,215.1682701928297
256.8163215477131,149.95061326368295,87.11716243275649,215.47161117140334
254.40114938849067,150.22876644108118,87.29074034979573,214.9153048166069
256.5305631299384,150.6619347844848,87.6837567915587,214.04896812979965
256.23733660286786,151.02799060956477,88.27020984569981,213.31685647963968
255.80432936021154,151.2572814438524,89.13622433101244,212.8582748110644
255.28148405989344,153.74691791665015,90.18191493164863,212.53397429529937
255.24230883169778,151.578178272883,90.26026538803995,212.20263622343168
252.52290798521886,151.76707297004856,91.03365271147176,211.82484682910055
255.06933339424108,152.3183674128086,90.6144303607293,210.72225794358047
255.18421541430826,152.38157637833672,90.38466632059502,210.59584001252426
252.98165589123582,152.29128159382122,90.1454085647526,210.77642958155525
253.0725663929529,152.24715444784454,89.96358756131843,210.86468387350862
255.69535137955015,152.29130445366684,89.35883662625527,210.77638386186402
255.5625985330205,152.04025060346365,89.62434231931454,211.2784915622704
255.34666589501015,151.8534530913583,90.05620759533524,211.65208658648115
255.30530729853268,153.85337157866357,90.13892478829021,212.30609282352367
257.9061459945857,153.53305824839055,89.60200956177977,212.9467194840697
255.63362982649346,153.4459692194692,89.48253307845007,213.1208975419124
258.04631046076736,150.63643136581342,89.32207859414794,214.0750664649783
258.0574785913678,153.07256840721027,89.29974233294703,213.8786319735598
255.82043110788794,150.61634296551796,89.1012301806562,214.11847573769384
258.0947680700371,150.31966288616948,89.22510261514272,214.71183589639082
257.75028191700056,152.38629205437337,89.91407492121584,215.26188783534516
255.34668019981132,150.10874193760318,90.0177984768759,215.11350819016712
254.97624931563664,147.39512494663546,90.75866024522527,215.83756468026507
254.63265997310742,149.63101905517604,91.44583893028371,216.09254915439448
254.35672246279844,149.45571398263192,91.99771395090164,216.44315929948272
251.811055265812,149.53318030848513,92.33157597758199,216.2882266477763
251.85084390224358,152.0795229763159,92.25199870471887,215.95668120059486
252.1766684909668,149.67062613913782,91.60034952727247,216.0195373332854
249.96501806807598,151.83685194803198,91.27933636582127,216.43139972272985
247.93051413795388,149.40461186551818,90.60376425643337,216.55129991812532
248.06779385201656,149.35658937547066,90.32920482830801,216.64734489822035
248.0497777865831,149.43210463955694,90.36523695917491,216.49631437004777
248.0885989166475,151.92786722036035,90.28759469904612,216.2340976792098
245.77117380259716,149.63434265005267,90.19830011841194,216.0970020110903
248.30161729429506,152.15271365751352,89.85799403312957,215.78084089428208
247.8582491461634,147.27706978621515,90.7447303293929,216.11217500674712
249.71785738637175,150.08238469954117,91.75600629258759,215.2320376237065
253.68598443080714,150.2242055591086,93.2911203905538,214.94839590457164
257.6009312257949,147.70310541645813,94.97864060827499,215.2318892860242
261.532230322555,150.154886268155,96.70116749254781,215.12089012152694
265.7944624839147,149.75419103713807,97.81919021360528,215.92228058356082
270.00399049375585,149.16494529225773,99.10514531600029,217.10077207332148
274.20798776921623,148.43406043507468,100.48150501837937,218.56254178768754
278.5791262502005,145.39160068311568,101.61430220587987,219.70992421687106
280.2322294620223,145.1991476635276,103.28214623219776,220.0948302560472
281.8400233384586,144.9669200666255,105.07535768409812,220.5592854498514
283.3973537715789,142.4615514183759,107.00753642025518,220.523183143953
282.3401635274069,142.39895005886666,109.12191690859913,220.64838586297148
284.1139143889266,144.91433828138298,110.69286252202211,220.73605675440126
283.752707488577,142.12603759429084,111.4152763227213,221.16573132001088
283.36273559083185,144.6688473290884,112.19522011821168,221.24582232526163
285.7265810139102,139.30209244974455,112.64788774545391,221.61861513715132
285.27596002149306,144.5585006356858,113.54912973028819,221.49307619309488
287.89320266604386,144.48866655367894,113.521990222395,221.63274435710855
290.25026318787087,142.15504015533395,114.01679602805322,221.09107030448624
292.58860907376106,142.28531103784002,114.54961060717694,220.83052853947413
294.9964878054466,142.34920000710656,114.94870931339139,220.70275060094102
294.62629618820347,139.48615686841526,115.6890925478776,221.20898980635295
294.2945115869236,142.18610548814615,116.35266175043733,221.0491114535762
293.8003609285743,142.23169230230553,117.34096306713597,220.95793782525746
293.26713899797255,142.2623295899929,118.40740692833944,220.8966632498827
295.64675927960616,142.3963137045102,118.93024581842405,220.62869502084808
297.90528101599176,142.21081661129102,119.70028890732196,220.99968920728648
296.8776824558304,139.24062984781722,121.75548602764462,221.63432952607246
295.51683909212295,141.64156801569595,124.47717275505951,222.18267439190225
291.5372062568144,138.90406680733838,127.03170900637778,222.25294738931854
292.7804435513777,141.4276365863169,129.99444017780343,222.6550135919137
294.31252747669396,140.92011391231114,132.43567111197348,223.6700589399252
296.17203692242595,140.28182582893322,134.2784137930687,224.94663510668107
298.6601537198301,136.5835679260482,134.91403832365546,226.73129278705596
301.12093450707977,138.45004232964646,135.64160413339255,228.64747136409582
306.48903023666685,135.1676428253975,136.28521560002844,229.52236890968874
309.3155797496545,134.57692998160462,136.34589429102795,230.70379459727454
315.45216351491916,134.25289617922817,135.5374503371497,231.3518622020274
316.83821603258946,127.75722292392918,132.76534530180916,232.886576203643
318.71872253698336,130.4099733621511,129.00433229302132,233.28515195434431
320.1531140202146,127.1373276806427,126.13554932655877,234.1844929392475
305.49868471233583,127.21131576669839,121.78327881904424,234.0365167671361
301.82481433828985,133.03496164335073,118.06439793823903,233.45584664272855
287.86143896547605,138.79004964425022,113.22707986952977,232.8670269123752
276.91432317930196,138.6031502420932,108.27995919721349,233.24082571668927
271.3705579074821,138.99156292530606,103.50496282499009,232.46400035026352
263.16164833582434,136.86630476944958,99.15280254740127,231.5220218067503
255.18907047573254,139.64660322088284,94.68953631326598,231.06353039246352
247.44366135077067,137.70945338974252,90.11505412090112,229.92150494417203
247.26640419711444,135.56400796025335,85.55131578567848,229.2941431606153
241.7767728171889,135.97574186964988,82.04872897196884,228.47067534182224
243.60368204675373,133.83730753563344,78.39491051283922,227.99533044936325
240.0618990323337,136.35538362962274,76.12038676723782,227.63822314860533
241.31715583190882,136.5313190279993,73.60987316808763,227.28635235185217
240.08493154080475,136.80604269853052,71.49290504812146,226.73690501078974
238.83741678604406,137.0186220859448,69.4532713266458,226.31174623596124
239.37399876566508,137.45286910298768,68.38010736740378,225.44325220187545
239.88235181907868,137.81551794153756,67.36340126057654,224.71795452477565
239.90113061034134,138.35303577327107,67.32584367805123,223.6429188613087
237.49346853367172,136.18684683750843,67.72738863673771,223.56151753818128
236.8885301289512,140.79551480575913,68.93726544617876,223.18432237887998
235.94891925184484,143.21391152980436,70.81648720039148,222.78464638097554
234.82306935032125,145.67266157119784,73.06818700343865,222.33326263389705
228.89903242385932,148.16845306346187,75.91411517778266,221.8427524886589
227.3054094444292,143.80425207474283,79.10136113664296,221.4789136586943
226.15854761839717,146.18131896268932,81.39508478870697,221.32365430079264
228.05818475297428,143.77299693672148,82.23396362405973,221.50214524822135
230.80726691877794,143.7545869092886,81.39164607115674,221.53896530308717
234.41753321944495,141.49203807413073,78.81228672556387,221.42288971766177
238.10843853545086,141.2038207146602,76.02330828578631,221.99932443660282
241.35137803687363,141.08942409848822,74.08777223744977,222.22811766894674
239.4542023589563,141.21458360075707,73.36387322083463,221.9777986644091
239.6483909163802,141.07904874162762,72.97549610598685,222.248868382668
241.83931672333824,140.69410271024515,73.09181795512141,223.01876044543295
243.35158220216474,143.26784874619432,74.57854014404171,222.3825215201079
244.76929240742854,143.93715946878183,76.2725440098207,221.0439000749329
244.10192873614395,146.85221040641372,77.6072713523899,219.7550614454861
245.81559424828157,149.68233950785722,78.72708341346812,218.64194632795255
245.23660977527777,138.49132217736832,79.88505235947568,218.26626403064196
244.73686074695055,135.78853158480192,80.88455041613014,219.10472962008993
234.662286843479,100.90557006927654,78.04786103277428,219.91314108024386
237.7839779301679,100.42565751112711,76.36187644364233,220.8729661965427
238.0324724736185,100.49676944099151,75.86488735674115,220.7307423368139
231.61586803844693,151.2729744726817,75.10998185610981,218.8245043272467
231.93839568123803,99.32835538858151,74.46492657052762,219.47966689703986
221.27333965876318,98.5415224354826,73.36499494456986,221.05333280323768
219.70400669593113,157.44079888048105,72.01535612165247,219.95070337635903
215.854526461501,142.4391287655937,70.81853457196183,218.8188065412056
207.58094045657558,110.66843615451437,69.72636252817381,220.62248757562818
203.71875155564152,139.6080656117535,68.62003706112206,220.1427999091291
195.3265418041625,146.826329157229,67.85188528424591,218.8707012780537
189.32065362301432,144.65762948492934,66.79589293527499,218.85217771889728
180.2790200465768,145.37654098893057,67.53463058578647,217.41435471089486
167.62135268425428,148.530600488539,71.20287374536902,215.43565402469054
155.26537706175716,147.62927271191143,74.07087022149706,217.23830957794564
151.04092253707194,142.31934579699214,73.6260133060976,218.9643974430143
144.7280308004208,141.86083237051065,72.86175545234741,219.88142429597733
138.27760767103723,141.46389619870334,72.37534970924972,220.67529663959192
130.69346971807636,155.17944394251845,74.14924053407367,220.0329713141574
128.80446794590517,177.6465755063598,77.92724407841601,219.97995090631366
117.60564287275896,185.0397409140322,82.10024186788056,218.86210935858975
113.3871363638269,171.44686804387987,85.92164723050298,218.35420916744408
108.05148695258661,178.40291958516232,91.91604049744788,218.47282275148626
92.26975017475715,155.81335740605232,94.76737022886378,215.7983740693013
92.94995931396964,147.2203097110476,93.40695195043881,213.79626182983134
82.90780131751971,141.1744046637283,94.51500964216476,211.65587819858948
85.72305400016207,148.33815781417536,93.61704627434213,211.52599789008167
80.97600891094831,146.62762311688323,93.68141048399721,210.23220430027973
83.63226665434013,147.1314506226177,93.06612556881943,209.22454928881075
76.6064316198509,149.66527745642438,93.10241817387929,208.8286881091703
81.4051947474403,159.32080897546382,92.83826809093418,208.1843774155587
166.82649376251382,143.7583325521463,89.49272331943526,206.74045879523442
174.14755121536925,149.72057559569816,83.99626141832891,203.9616257127352
176.143901925556,150.78175865583228,80.00355999795536,201.83925959246696
180.41155557553913,149.74874062258175,75.80180625263696,199.57174210432018
183.9517411145842,150.20580902776993,72.94710015163741,198.65760529394387
187.1589207417134,189.91098873011495,70.69386830164977,198.30866657039832
188.16117892102642,154.81154966569807,68.68935194302372,198.54640635932506
192.72736676548877,152.00759036872307,67.7216425852239,200.07199178771256
194.99617167621147,149.58551048357975,67.27046569035443,200.8297186314233
196.49302019164486,188.79855569764499,68.36574709417062,200.09421846226925
196.20559424541293,153.60197185406736,68.94059898663448,200.8128240862497
197.94530459470613,179.85349484208925,69.58040513780476,201.85972715704276
199.80953940183133,150.29582210456218,69.99774623553981,202.9337226643001
201.7453688731313,190.28122379968008,70.29481442297538,202.16873474473874
205.71625359035437,184.34436198505887,70.67949272727084,201.55278676586872
209.56620950281769,192.95223760783983,71.30243919087965,200.98275209737778
209.26147353706733,186.96130428703717,71.9119111223804,200.47081281573588
211.13774620723922,159.66768394401274,72.327703445156,200.86966388123273
214.47559697955901,157.03455631651428,74.01514330546844,201.95434843375358
215.78591827678414,156.44236439133786,75.62210809869487,203.13873228410642
216.87433536414517,164.5131840927633,77.71884064296863,204.0913597572388
220.39843169828183,159.46736294963046,79.3205751079167,205.53307491028318
221.7022648172295,157.0503621936343,81.08732547715455,205.9926598151423
223.34112940250873,154.27753250712354,82.22226617396657,207.12564932079334
225.0099578478031,155.48595779921087,83.33386722062377,209.15805667386468
226.7793039119062,152.6621308459971,84.29353609981726,210.30734957289252
228.50484284103186,156.852706731684,85.37449468683891,210.99027069206477
230.34451712353376,154.19072158792656,86.25629487649289,211.7530922249219
232.40471024102305,153.94835297629714,86.72375736899855,212.23782944818075
234.51059930836223,156.05009166052417,87.11513678250624,212.6375096279127
236.39775056439183,179.1282373253229,87.95671857087899,212.64006130263468
238.43070028975882,155.60611186684247,88.52170284038823,213.37547501716358
244.93715480835107,119.39559676630365,89.46339019649693,216.02352325177546
235.14411833375462,149.92649484892755,90.22357442024514,216.1458654442227
240.05002635980313,141.96108386418678,89.8552281316524,217.91148276844785
244.15154908577233,140.89769989435368,91.1335307412653,220.03825070811405
245.40653566547397,145.27691822290373,93.41763112534187,220.86796113797362
247.48478703919267,137.45217427749355,94.10769954906357,221.97773551531648
247.19698761679763,122.18420143924996,94.68329839385368,223.26469239061998
250.89972641459582,137.3322601217891,97.08507130177168,222.39032653608504
266.62171685596513,147.81304941726918,100.17498213663168,221.1624003551812
267.940691305412,140.76496415834407,102.50698384996258,220.34871903635766
270.7428212722637,102.86752628201671,106.90063485178675,221.15926277255454
273.85765138618257,136.36267880548104,110.84569175329077,220.3046190663474
279.35898634038944,151.91684615207373,115.27277343614051,220.05578755568888
280.45246746767396,146.48490191182572,118.30172405614093,220.4878502870462
284.30501487121,140.37776049485015,121.14512459816696,222.15363777189913
287.9742985389281,145.04846263475116,124.50147017454361,223.50714640390993
288.5817691992397,141.7513123999787,128.71125064223455,224.67672508514065
292.13301877532854,138.31519285803802,132.63600480951598,226.0353375092925
296.92941833722296,137.7683041878368,134.24377753208822,227.12911484969493
303.4453028640836,143.23363901522865,138.14316391808163,227.48588215472108
306.7002789643573,137.3126708938775,143.0628144108133,227.8982157041443
304.8625217721085,137.4886241328751,146.738328795311,227.54630922614913
303.38096952874326,137.32310742946618,149.70143328204142,227.87734263296696
298.5916601519939,136.8795819872492,153.3658775215045,228.7643935174009
296.53864868676726,136.71469582585786,157.47190045195765,229.0941658401836
297.74519940317134,133.5607815917565,161.12027518475114,229.3405181427848
295.95102301274545,133.20034137652107,164.70862796560286,230.06139857325564
297.35602262128134,132.87477976366273,168.0941458728487,230.71252179897232
296.67552726428124,128.99924690091166,169.4551365868489,232.2025517757002
299.58388191410285,124.97458830654568,169.9444194871709,233.94587676446696
303.2707066491439,124.64311333849615,168.91125146151165,234.60882670056603
310.6109745405658,127.84740905000102,166.89782806698577,234.5337914717152
320.5993852055931,124.89820039347964,165.81886240176053,234.1329235631482
328.64595779814925,120.96658822749347,162.27660107321117,235.72070596683903
318.13244610915365,123.2314782816256,158.33987216181393,237.43186393092193
329.23668299474025,117.18088940021607,154.73569937993324,237.13017436754586
313.3012055824606,130.06344138350948,149.78514515776237,235.91274309877912
320.1490199400085,134.00305457552616,148.1615251706614,234.06952107874315
323.75384664420847,141.18006301287187,146.93312933834858,231.6780193562262
309.61628002226826,153.62470985830473,145.58364751775383,230.48841771694066
345.1197559457368,115.50281613772087,145.1911762518331,230.23318452867395
340.1928099333335,117.88031267606692,143.29676594818676,231.35234261620832
351.7280490351107,116.39136506314131,137.80359950377752,234.33023784205955
361.7224936940239,111.38677552276451,129.43646913594284,238.52853744781726
368.4876640562169,103.29298762486806,121.63683201464809,243.25470603742764
374.38085452531226,98.33421164241787,115.51641921273699,247.50628986604846
379.1826298862923,110.17938407741325,111.53450009097794,251.9241029970635
384.6282907746273,106.20376696703043,106.2591755444314,254.25933998770572
387.34526709170905,104.86614435753401,100.82522291026791,256.93458520669856
393.2559999800422,100.68836940827214,94.50204306031299,259.79184917851103
392.64770055925993,89.37908099060175,90.29313119529854,260.70838318753607
394.496466970415,94.8229759563672,86.59559837298848,260.5450708568685
398.71031706128144,55.4343546620625,83.46031557961743,259.9360526200498
402.9935225994243,82.4954768033727,80.12014315092232,258.07619481333575
298.79282832372166,123.22444448833889,77.85153072994886,248.55435733641076
297.22612028582427,122.89266725887211,76.02354354115161,239.2951052661603
295.648046315025,126.70924469047694,74.38335063760658,231.66195040295065
291.4657851046984,129.3990746529876,73.43229880497871,226.28229047792934
289.38082680697056,131.2872116179803,73.03832678345631,222.50601654794394
284.14566368705175,132.6161670582273,74.50268927538565,219.84810566744997
281.0048054586637,133.36342615021752,76.29245902600299,218.35358748346948
274.1789654216234,133.63522796491506,76.4343970910189,217.8099838540744
272.2298024779452,131.42281041483338,75.83465423965762,217.7367502155202
267.94804458355964,128.68300783600768,75.42593071157303,218.73023571474374
266.0727569711302,130.27431916302177,74.68365522057591,220.04046377657147
262.02486818882,127.85773517096546,73.78345165590096,220.3756411960364
258.43407205185196,129.36438015089144,71.99241012587206,221.84866813816694
257.0859714741081,128.41803316750784,70.21416472099291,223.74136210493413
251.00483064882164,130.37283213460267,68.97067322895786,224.3003552182805
246.80444002322304,128.50264257130587,68.46435513615901,223.58718467287605
239.22324208543156,128.1505798750327,70.32451120489422,219.85723012980654
234.1980219288198,129.86054067513956,71.5439455168669,220.85281153021822
226.9968580253841,134.18861751169618,72.59009297644631,221.1007780886329
219.8304072360814,134.12224262069188,73.49864750974625,221.23352787064152
217.612856649428,131.47500324956084,73.44043329369902,222.03469122354954
215.35866019027512,132.92576749853728,73.44517868438642,223.63681025321506
213.20890186510763,132.3454685612807,73.2181750402496,224.7974081277282
204.57528654355949,129.44611529066898,72.32998413824397,226.05725928267617
202.7658063238876,126.72969586872858,71.40851294189451,226.94966649086376
199.10389508672708,121.8232063457466,69.66008373820786,227.69039385882002
197.0891570598497,121.80569798064852,69.17523028646126,227.72541058901618
192.1329569121026,119.68657808730818,70.07593321408498,227.4578016917616
186.96396174658798,120.95965883974374,71.37647085397725,224.91164018689048
188.51585167457648,125.95382625046574,72.77930830214122,219.42992266958743
171.20976091141728,127.53702034155162,76.21010087891534,216.26353448741565
144.12997711435173,127.7677018440165,76.70667017791088,215.8021714824859
141.38164129528812,128.89061716372836,77.72900117400275,218.03068148509755
139.03157481962143,127.37510951922097,77.90441335768728,221.06169677411233
134.5976572055991,123.57068175127628,77.62985599075095,224.09935601251124
132.61479370754375,124.43136759088742,76.98602928718796,226.98753803296262
126.27173556395084,124.15217125499944,75.75518549930985,227.54593070473857
122.70709150837425,119.15095982501465,73.63559373689947,228.29947369114458
121.63844804840443,118.44933366470556,71.17659823077366,229.70272601176276
118.10962533620686,118.25466662149047,69.09247491342447,230.09206009819295
116.34505757375473,121.13210555619503,68.08379475339262,228.87499791371994
111.62760802281356,120.95396177540866,68.51494656042641,229.23128547529268
110.88243367195437,118.61861398391247,70.0052952621448,229.38706180921366
103.20635206486992,122.88715016691575,71.72320679213516,229.9394905659928
101.84342933725009,122.62055139524219,74.44905224737484,230.4726881093399
93.85712853598237,123.01987546985403,76.49534614600478,229.67403996011623
83.4647721339233,123.2384671207958,78.6069821654667,229.23685665823268
80.05426820834961,122.904864975007,80.72738095553343,229.9040609498103
67.6579875024464,124.74504424262467,81.77636101610662,230.97241868482158
65.0627998968309,124.06645263700187,82.18371571592587,232.32960189606717
56.27653988248587,121.49730426208448,80.51704617717975,232.65810125404292
54.19638499503924,122.90740779097774,79.8931685776667,234.62208157066271
45.33421060616969,117.07909261481606,78.41425813600503,236.67708231328572
39.160138884840315,113.82575977102046,76.35328018465653,238.38070753620784
35.23058306138907,115.12680703614282,74.6335353944715,240.56804122450689
25.664194715829908,114.11590285865316,74.61127049817898,242.5898495794862
