425.5,390.5,78.0,122.0
410.1030447487199,378.6857518781313,79.6194718107603,125.84553711587075
394.16002934198514,363.1448662778929,79.35418575754531,131.20625482300008
382.7019039281149,342.1727813511072,79.23567160468001,133.66225613839012
379.27855780216964,324.3607815697399,79.4319222845282,136.0340478409133
364.45267996299873,318.4920646232779,78.80977032978355,141.04394670426262
352.8802646135167,298.9571399830732,77.96273577943222,145.83970277136441
348.5734118496759,284.23537485667686,76.12537796204153,143.93004298893982
341.05147051867505,274.99230517569526,74.04893028027352,141.87178593837945
335.799497473454,270.15064606580603,71.12036553988362,141.4807210350339
334.8992405522561,262.88473428072433,69.61898705705221,142.8049753042886
334.70173806665923,251.38522851595803,70.01399202824602,146.03248454752352
339.36993613295243,239.49868942004923,70.72531384114401,146.36088753321056
338.9024291781389,225.82616388117918,71.66032775077112,143.40828555041674
345.20703270617986,222.91871898589062,72.40895206845632,142.54425965411033
353.6073786230009,219.12807901575096,72.30695609988791,140.10632207534542
361.13175418625775,208.27561679001712,70.46707135586868,135.39351376182412
362.02031154378574,205.63473390464043,68.68995664081274,134.27260790236403
359.702062037884,202.31352591315232,67.01791676376959,134.60648499649355
358.61794666697153,197.72162799543247,66.05587829317204,134.3994731946659
360.3971144368205,195.50535333056547,65.6081133006044,132.61088143013933
360.4186099794203,192.92537483843154,65.56512221540483,131.61753398125742
362.41060146776505,193.25566485859116,64.64251239666075,130.9569539409382
365.8607412338963,193.76767024993873,63.81368620505525,129.93294315824306
366.0064746046543,193.91350870644192,63.52221946353929,129.64126624523666
367.6057743221902,195.61192405028743,63.32068185558974,129.241497384668
367.54518635920135,194.25253100368957,63.44185778156742,128.9725617132723
367.4258529706129,194.4127390664069,63.68052455874438,128.6521455878376
367.317117725185,194.5289401338296,63.89799504960017,128.41974345299224
365.7552561891485,194.47864715706632,64.03600811122757,128.52032940651878
364.3136540084027,194.48751268660058,63.92964098980727,128.50259834745026
364.5962530328252,192.8739781106499,63.364442940962235,128.7421970212354
364.6521024684322,192.67354723241678,63.2527440697483,129.14305877770158
364.6973020490537,194.04838742524333,63.16234490850527,129.37848252568133
366.3973860559811,194.21774523139916,62.74915240412989,129.03976691336965
366.27899434772326,194.2366681925839,62.98593582064553,129.0019209910002
366.07521375887427,194.3879674099343,63.39349699834344,128.69932255629936
366.0949090504258,195.96233492896968,63.35410641524041,128.5316461471511
367.64779304891726,196.03363330827585,63.22626219777148,128.38904938853875
367.7531039743501,194.59106053152516,63.01564034690583,128.30057290310683
367.6297565433979,194.51988084765395,63.26233520881019,128.44293227084927
370.19330928684406,192.97676892169972,64.08530052583461,128.55412072079932
369.83139367955994,191.5719436469608,64.80913174040293,128.3728519353025
368.2510288315462,188.30900834717445,64.96907859333251,128.89715684867934
364.04312411844563,184.37721018581988,64.35120222928776,130.73829597789126
358.49125261927685,182.00286248265667,63.34503040123647,132.45951267762044
358.659040871534,177.175694395854,63.00945389672225,133.0084499956179
358.66067737488066,174.11357033374827,63.00618089002889,130.02082552989037
360.4501026106453,172.25435894920216,62.42097630509194,127.75195652579815
364.8279285443984,173.1173781181278,62.51634006899913,126.0259181879469
369.3373800099381,172.8281892863177,62.27770049727401,123.67754139844894
371.18972742643666,171.8766731070366,61.461250748818784,122.69232867246936
371.51495133219504,173.46988951764112,60.81080293730197,122.3655939635632
368.81133897977486,173.3501381928313,60.53071208524983,122.60509661318278
368.9354022034478,173.29613155396555,60.28258563790389,122.71310989091435
369.17768329747173,174.54402173649135,59.79802344985608,123.05691542183837
369.2749758008101,175.6752815189791,59.6034384431792,123.63059432990887
367.80598363009074,173.73985366175447,59.70022992598369,124.66025718572376
369.2645957738992,175.02051575104835,59.64090839039281,124.95683575916212
369.39706438055,176.72280760790193,59.37597117709133,124.41344811389438
365.1756247621718,189.5376317272677,59.27288050152221,124.42170961213898
363.76855102857184,180.07955683710702,59.24004650073696,123.40898911656365
365.4805889962728,180.6807022592754,58.64760750370047,122.20669827222693
367.42807080427286,179.53867184258664,57.556427785363965,121.68697520794075
367.82522350658667,181.4481051030303,56.76212238073645,120.64530499426185
363.22727638582387,183.23622396924196,57.713532273570166,119.81722871140238
353.7292307118644,189.8630728151191,60.193652041150116,120.32684066993066
345.2903195673038,190.66618559464803,60.25267006750683,121.52374915466686
345.1860672846883,193.357629723377,60.4611746327379,121.78420750666098
335.8784210806505,191.79842614909546,62.101893151943514,122.07351900707906
328.97597413531264,186.14093171439788,64.45998355624145,121.94170439009648
322.4168179676566,188.66759271398723,65.97687130824129,122.68909468257394
321.26072076211375,190.23474051665832,68.28906571932687,122.49216696605022
313.20116253294253,190.4172308118283,69.53838233522978,122.12718637571028
313.42681206067124,189.5574573817607,72.0768998212385,120.85691669437936
313.6813419442144,188.67921082436345,74.58179215374895,119.5994577095772
316.2814931789857,191.62713122419714,75.45620666262333,119.77833388832681
313.5277889737851,192.61492151848603,74.85423831037637,120.85744168107315
315.0934271195297,195.5221329674858,74.78367562214567,121.16444598959063
332.14992117534183,201.84604341078858,74.37589937764582,123.837175951678
345.1231446163311,232.08999817446528,79.40019713730275,112.90245785094122
327.7791367999737,185.21719318122095,77.8856894953502,116.14175965076147
321.3076636744328,183.51336623177306,72.58464018725323,122.59007947618704
317.4975855845449,178.8744015157843,68.01162364436739,128.81971572749916
320.8011154519743,180.46437636854566,64.4670669631184,134.8272751828061
320.93537291241756,182.0594035570624,64.19855204223192,137.81563700016753
316.3266445657731,183.0314964806438,64.03179688407917,138.99952177015186
333.27228280340194,230.19365329225258,64.70670642027702,138.94662454181287
337.86780363411543,263.8014341915883,64.975908385548,137.95276813002704
342.11486743737225,280.29125494597423,65.91270583225754,136.40954346533252
336.6592473514703,272.8021943656353,67.41159414686632,132.56296091162005
335.82262579363135,273.11065952420046,69.08483726254411,128.83888980360905
329.4580486870275,272.79272456419216,72.57041363759753,126.39356711090754
331.34726290767816,291.24972631398464,75.00097950412719,123.62903230439242
330.15206277428933,273.96736037821023,74.28687155150249,124.04417376251573
332.023540354274,272.02486304814295,73.64256944639794,124.83051536778542
311.0572730055189,187.18933822892217,72.1826136001051,124.03106644128617
302.27718670921803,177.52548805231635,71.3654424658074,121.9185324464485
297.1678196963532,176.57334271345186,69.51336777735472,120.80512094563188
293.1839050509937,177.9674352898319,68.57178049719047,120.9867413164995
290.70007725425484,191.3195047364233,67.62642448228459,120.89115466104286
291.3964009221108,171.92236316085666,66.23377714657276,121.47835868009122
293.74949155275124,169.48836598347577,64.45151194700479,123.4224369731401
295.9449512265469,165.54824919180788,62.982573034902835,125.4587096854971
296.458127406565,163.01498988211154,61.95622067486675,124.67218685314552
296.76093428050467,159.30178912077966,61.3506069269873,123.4068511146042
291.3321511049869,156.76280399253238,60.735203450761844,122.7483364574683
288.6503245861337,159.65854109223662,60.402960709982025,122.65275803654613
287.3085116005394,155.67809640536512,60.24579558030764,122.09127410770023
287.5448376737216,156.48637864364974,59.77314343394336,120.47470963113096
293.2899684649251,157.0076038485874,59.47495693762188,119.43225922125565
295.55533456571357,153.46125535382976,60.49942604744707,118.19215424366772
296.77017077418884,154.69279278512863,60.846885302733824,118.50621105330733
292.7562909865982,159.94085425133136,60.511454797040486,119.16100822873484
292.3617979608239,159.45707380728692,58.50889397585609,125.71166286228987
293.3093157488419,165.30839677354118,56.61385839981992,131.1236844110142
298.5647621564782,156.58332956321217,54.796065946828946,131.18761810710902
299.3840401855745,157.5738939402114,56.023955032389395,129.20648935311053
294.41406710666695,160.04954681769047,57.385305465523686,127.11471550637935
298.4227219328022,152.45022328525891,57.92748758752792,125.1943790226933
300.4346085840134,159.30023454102604,59.57321641241807,122.8333607657844
292.0614293805711,164.19658701043778,62.17443687907614,121.52773859109692
284.20023507669856,163.22205407985902,63.62208280372828,123.47680445225444
288.9378156949815,164.77211629449425,62.87242705814728,126.19368368364061
292.14934532971796,166.8663427392691,62.32011893197277,127.87598193738927
296.88452687906505,168.32674722315195,61.70095477569791,127.90557261709672
300.8187613911992,167.89455486396201,65.59277529672329,128.7699573354766
301.45751169463847,167.07960281979274,67.33541017775673,130.39986142381514
305.0049394857371,159.739229871449,66.38874069651072,129.71014206812458
310.3257583164301,157.65312781431436,64.89007088834437,127.78703428024752
317.0920317718188,156.72858992195586,63.33190460776607,126.64251490741471
326.70093706081184,155.11032042527313,61.81348018033009,126.92915620902184
328.69287867676235,156.22652432160925,60.757366081655334,127.62451754957593
328.6411986104343,152.43977930395565,60.86072621431152,126.43936400281581
330.3397010684655,156.53178157452427,60.367778905946686,124.06347467707377
330.8731766532419,158.67056496409498,59.300827736393956,122.64670597458516
329.2308261480733,158.1063931392065,59.76396092894717,120.95348180657814
334.4850363156064,159.26325273899374,54.86526747160772,121.44462604586701
336.07517533535184,158.94152613523133,51.684989432116794,122.08807925339181
334.1331597817573,158.9867038998815,50.209326084969746,121.99772372409151
330.628608236202,157.77408861965836,51.91371468997721,121.77059704148618
332.9598360749677,159.54382760619012,52.609871856738394,123.58973191271522
335.7063879473312,168.31315974327953,52.55262408971183,125.07656356048764
336.6357083385092,171.6880112447051,53.43238431268955,126.54206357363758
337.3363435182546,176.43344720502304,54.80627930138912,125.37668769757302
336.41415854782804,178.02210194002294,56.650649242242224,122.19937822757325
305.3763317502287,210.32480736411367,57.811793517665414,115.73963536645033
304.92488600181963,205.8799130241556,61.409448377396004,111.15560723180405
314.02329751436105,196.05463409265016,62.036901515304734,109.29270662282454
313.7685229131798,210.55634139504087,62.54645071766718,107.0125260669979
309.8363931174552,214.5625222013961,65.11637869929429,104.29449606410962
310.55332342946735,195.26000874701901,63.682518075269996,105.79962933235514
303.4148215969114,198.60103159240734,64.71788623206173,104.4142378449066
286.2520491531958,204.38725428363807,64.65721009858675,100.77707423650037
274.62374471528136,210.24741927412845,64.60657464499994,96.82582569865825
261.06819636413854,212.51153628421142,66.42214613213179,92.29759167849231
252.40790594446585,212.82533402915402,71.2866984147491,89.1787904772615
253.64128118240387,199.68116477138616,66.29686256663774,90.2362752704442
253.36406375502418,190.67166214399256,61.935555065958845,93.50805345891649
256.7299898803277,189.16387492315206,57.63897739606637,96.5236279005975
257.9766660100034,184.12235191511866,57.553998364842684,94.56480777602609
266.58942471601296,178.72046309680067,54.59515907483267,98.23524635165751
264.22731570367,183.71376717095205,56.9372553684599,97.77712512758927
260.5687717106444,190.50158151751742,61.83921106370546,89.0317610160698
271.21236732803686,194.00381182397217,64.21455286329858,84.39355370659808
267.5740456924139,201.52683641420236,69.15631100019188,78.68704506354831
289.1962234407434,208.9210785868236,70.12556474878252,80.18778517708195
294.78171645318434,210.54256198749783,70.78364397219681,81.67644447505194
305.2058531144467,210.3204722769527,69.1306809222515,89.31886524835949
304.5635198234664,209.60798911410478,67.92514758001116,95.72423142245714
305.63031223454954,202.30526033185333,65.79156275784487,102.62615988964652
302.3892382974089,205.85535382893892,64.36468622602601,108.7076802389756
301.91169863961136,204.34551676476482,65.31976554162107,111.72735436732381
303.33934573829316,205.29123705477394,65.2285656616558,115.3641024221022
306.86765714441276,199.25960926526878,63.80483727972627,118.9780163556481
308.7688246383178,195.08492237124264,62.84799996465841,121.63639479821597
308.6593309265754,208.19396964664486,63.06698738814319,124.09981654931053
354.27377778711383,256.19566814786003,61.988187454845374,124.06264841774185
351.97054639714014,260.14085811927276,66.5946502347928,116.17226847491632
346.81221777507704,267.6404262651949,71.20806169437324,109.72800085989068
349.7712281685555,268.2204316630405,70.95643669503646,108.56799006419958
356.0371246592253,261.54627814714684,66.85944967117925,110.66988915267703
360.5663192275766,263.21079732647604,63.349807640680254,112.88959790022221
362.2143274524897,262.3962811989257,62.801666120882714,114.518630155323
366.78419376222786,265.6245182909049,61.94971473965801,116.34993720961612
365.3086957146444,262.9241174894096,62.12570749786698,118.97573547564873
365.3512228665724,256.4071437620348,62.04065319401093,120.74311349959113
366.5655742462166,262.36185859856994,62.4530808411872,123.03933585884441
367.82631187806356,258.96069623920573,62.8135281743955,124.07781538376827
366.08643834947014,257.15979217324127,63.389906793761256,124.77625507787613
367.45696075752954,259.82719189976365,63.572420872375226,125.2885734142969
361.61263392559357,259.5313305041912,63.52419366701146,125.88029620544182
364.79807570195754,257.9217275547688,63.03742799459168,126.15744316413254
364.69374351546793,259.2344025056963,63.246092367570924,126.46979410277983
364.4411440158596,260.16078385806475,63.75129136678749,127.56291562107836
362.60470496059907,260.32291140345615,64.45354031897267,127.23866053029559
362.58022867198935,260.6589724338353,64.50249289619217,126.56653846953729
363.89275946143175,260.8831749707204,64.84644225205234,126.11813339576705
365.6020902794015,261.3900189717902,64.39614520351657,125.10444539362747
368.53184703882835,260.50328503148546,64.42808787408813,123.93218517952435
371.5082974546376,265.08339543002614,64.33331997342236,123.55916377887229
372.85258605973513,263.9509079560862,64.56669909962098,122.9021823903584
375.11062907565184,266.05078534190665,65.88324041903343,121.61874129434057
376.0438785629101,265.0152461709309,66.93673317351826,120.76982790729075
379.20135242757374,263.8046698873012,66.47270391881698,120.26552123723724
379.4679538302106,260.916536819736,65.93950111354314,120.22159547678095
379.5646909179775,261.9484653670516,65.7460269380094,121.05808449072565
381.05735151197456,263.8410849440481,65.67008457005268,120.18222415677005
381.49189383440034,266.60406348992757,64.80099992520115,120.44659252008698
380.15892600102245,262.75730991163726,64.58274209283802,122.37171267842965
381.21572881544824,270.54327299519974,62.46913646398644,130.07009650558686
381.5181020124828,270.47353445457986,61.86439006991723,133.1945997171838
384.0624903083109,265.9024114487429,62.81563621663517,133.2768116212967
383.588758371883,260.4007745471398,63.76310008949098,132.12879920685754
380.19608430978576,264.86857094555165,64.47328554350662,132.30595041530202
374.0902532976666,260.29040039476615,64.47491060787594,132.30476379697114
374.09096274795394,256.180000735034,67.5260118305721,131.36800274662306
374.0724824764365,262.7168305625034,67.56297237360691,130.66069041241022
377.1523487749781,258.19337789881934,67.56692273762661,130.46207129812393
377.1203260218497,263.5942524682725,67.63096824388352,128.89730171406904
377.6893519787454,264.35561167342183,66.49291633009216,127.37458330377032
376.51782568699997,263.8833859858421,65.82080838320118,125.30387414854806
378.5981397091913,263.35149193267534,64.63335219429128,123.39449039940877
379.1375881224784,266.63263485372477,63.55445536771704,122.68159684766233
380.9077039410785,268.70045117275356,62.90988646162593,121.44162694071389
379.6662070218199,269.01785941757566,62.526522718375,120.8068104510696
379.85390322617127,269.19765617909167,62.151130309672226,120.44721692803759
378.62288225036156,269.3943689687063,61.7744810106159,120.05379134880829
378.82290341347084,267.81906109483765,61.37443868439735,120.37797976569297
377.55915133477225,268.9997310266947,61.077657876403734,120.8409248673697
377.27680983717494,269.12108914838313,61.64234087159827,120.59820862399282
375.7471257773547,266.12718932761516,61.86957233720564,120.92173495746255
375.98665678976386,262.2828165739815,61.39051031238739,122.92887768683161
374.6358483478982,261.1681815948102,61.23018971863526,125.15814764517411
372.55213464224204,260.5175984814935,62.505851582668924,126.45931387180758
371.5847003754309,253.98970135154468,64.44072011629117,127.7834571554788
372.8463363923038,254.61217799733515,64.90322911910283,129.52428490045523
372.972344320761,252.45974421845466,64.65121326218834,130.80987703936637
375.2250667947063,251.9973381575803,63.179494689840354,131.7346891611151
375.8956508256171,251.8174953942129,61.83832662801877,132.0943746878499
378.0011165422457,251.45668534208005,60.630933916871,132.81599479211562
375.0761086591013,253.0546813312966,60.49511951633359,132.6129178970956
368.6396616569343,253.74458848690688,61.417680044340344,131.23310358587503
370.01685647112953,261.16756357874965,61.646940910767036,128.32175538145776
372.6745863517177,249.8659940015856,62.22189526584345,127.3632380707745
366.1845685288688,253.86764911886854,63.43712067782107,125.24233295306875
366.09579928521254,260.96568269554865,63.61465916513361,122.77108975077087
366.4316698306929,263.7104008389666,65.84093142620621,120.17966681596832
361.93283271001275,259.68853189171995,66.14447423594291,119.52927327883802
356.4389151513593,253.8356787042199,68.45143918775847,116.76686271135281
357.458020932088,256.55694770246714,66.41322762630111,117.10813949675477
361.15416497850975,262.2022420049617,64.74574201264475,117.26715585013989
365.03829551655485,267.6583553485211,62.65018946579311,117.70034622149821
360.087431117395,246.65386586244682,61.32434518246775,120.41281940788873
362.12570025756656,243.38673204636666,60.07173831785985,124.12315562431374
366.00976869318066,257.49438561846597,58.016653285538176,127.32963359410087
368.35738284431494,259.05738049893984,56.18878536061574,129.9383645878454
370.3485765766707,254.0181494528017,55.079434762483864,131.39771608038254
372.33709116949836,253.28339504290133,53.97691131741875,132.86722490018332
374.3050320200768,249.31565406634294,52.91713977296334,135.05048653989712
375.4750339788842,247.36402417187497,53.465745416036725,136.0651367681448
376.5693235095879,248.69914789280142,54.190181459307226,136.30790443096987
376.11379615860886,250.09397170089835,55.10123616126532,136.44771622524047
375.72597969951124,251.30906470638445,55.87686907946052,136.9652608968846
375.3825527527133,248.44152898725457,56.563722973056436,136.7623215781907
375.13570782215305,249.71548675035,57.05741283417696,137.19270005249643
375.15462689317303,247.92339440695693,57.01957469213693,137.78361142870602
374.8286848980397,248.02114070352957,57.671458682403696,137.58811883556075
374.6543770556526,248.1877945572005,58.02007436717783,137.2548111282189
369.71033250169654,250.96300871243557,58.87443721631033,137.72686699026846
373.12670438184557,247.935252164071,58.108071191212105,137.71600235179784
374.87552758528267,248.28689003843533,57.62989010718895,137.01272660306915
374.9509834439993,246.83990274252275,57.47897838975578,136.90587093975313
373.5368052978977,246.48354157205083,57.3107233801472,137.61859328069698
375.25431598034675,247.74274562604234,56.87961993148949,138.1041030889544
375.14004740699744,245.97128390947822,57.10815707818814,138.6437609723401
374.8737572131001,245.9749795923305,57.64073746598285,138.63636960663555
374.64786534046056,247.50574050378083,58.09252121126186,138.59931574506075
374.4434780153592,250.8592327598144,58.501295861464634,137.95623076494584
375.8479851627421,249.16166718144234,58.72218351377976,138.32145997460907
375.6063265981441,248.16246484481564,59.20550064297569,137.2807725698453
375.52376594089503,250.05763916644509,59.370621957473844,136.52301064273286
375.4040606026021,250.52391092125794,59.61003263405974,135.59046713310715
375.39110956203444,250.70425110128775,59.635934715195035,135.2297867730475
372.42232273051724,250.60546328181647,59.55256476754264,135.4273624119901
374.4487108826589,250.04492851062082,58.51165561413524,136.54843195438139
374.55436382889144,248.43081435362453,58.300349721670145,136.76693156010953
374.61484597678276,250.04404526046693,58.179385425887475,136.54962118849986
373.19114787882836,249.79870637447118,58.02291272323181,137.04029896049133
374.85262258257734,248.08197472035948,57.70815556176919,137.46557002267932
374.9075124493346,252.34749195891953,57.59837582825463,137.9608127492048
375.04662210599906,247.72130598390953,57.320156514925756,138.17129373299096
375.11877933971437,247.6035271046981,57.17584204749517,138.40685149141387
376.70607495662455,247.43692517390446,57.01414890530721,138.7400553530011
376.7419162211931,243.17309628748197,56.94246637617014,138.2232229869923
372.15466565680157,251.24846113903325,57.098664341225046,137.10299855677016
375.0251954509501,241.4596350697566,57.34302631281652,138.7243860156578
376.11756387529846,247.97507929077753,58.178739684921524,137.77529845682312
375.6725086109058,248.25533861778376,59.06885021370685,137.21477980281068
376.4392572018724,249.97506312383263,60.564570575514054,136.80454833445333
375.0777532954563,250.1979395152136,60.23792683178499,136.35879555169137
374.8127435222733,252.8722164507415,60.76794637815105,137.08511904563824
374.91318723909274,250.9630578298955,60.56705894451212,137.84613705022014
374.9955465559235,240.23200328601934,60.40234031085059,137.85468522539193
373.5900730733436,267.6513107175296,60.151271694123466,138.13235083633583
375.49946082055885,256.9036641170783,59.394106834356165,138.19636959459615
372.608716355138,258.3128291383599,59.07725949839326,138.42720768543535
374.43583782244605,240.2313747941367,58.46992130340095,138.02725949839584
376.1565536817052,248.09493405367775,58.058862607168436,137.45200609074226
377.5701402431545,247.11039915014,58.24646829980178,136.40629708228568
375.8302246636172,250.71951288677698,58.72331628249873,135.1940359617675
375.7231549141393,249.63047025948907,58.93745578145439,134.3782553003765
375.6290547503127,251.13739353020844,59.12565610910757,134.3502345169802
375.54002978847666,251.6728275577375,59.30370603277968,133.2793664619221
375.2555085174133,252.40616828064117,59.87274857490638,131.81268501611473
375.1275213169645,252.63517084703716,60.12872297580403,131.3546798833228
374.9430336122443,252.97334731687613,60.49769838524446,130.67832694364486
374.73261286499667,251.94256734660394,60.918539879739654,129.78039043068324
372.8410228342763,253.6775175539794,61.74794191730147,129.26426803981127
374.2044395418834,253.6413489110027,61.98182431502424,129.3366053257647
372.45729582339925,252.42218786589518,62.51026884231038,128.80908450629764
373.66985002164165,253.53350470631625,63.05249293784627,129.55378331747616
374.6149650656993,254.44756839481397,64.14989197149474,130.71328506224452
374.1464236731306,252.89529615618608,65.0869747566322,130.79420804841018
373.73701623783705,254.22882322974817,65.90578962721926,131.16819940459757
371.9690533645935,252.5592670484054,66.38102714758953,131.44662354116625
373.4769022822904,252.2858008800664,66.43831047032532,131.99355587784422
373.47363961654713,252.22692720767517,66.44483580181182,132.11130322262665
371.92773093486664,253.57659754736216,66.45283154925579,132.4957841591697
371.8577444751097,251.8111946920136,66.59280446876966,132.9369989143697
371.92913099288546,253.39961028741803,66.45003143321814,132.85864062052957
371.8458436109936,253.25344211949047,66.61660619700177,133.15097695638468
371.8382457328907,253.13046223032643,66.63180195320766,133.3969367347128
370.3811712980933,253.01108357563677,66.44006927066938,133.63569404409208
370.47977473595245,252.99496782752647,66.2428623949511,133.6679255403127
370.676344301503,251.36442939708562,65.84972326385004,133.8258893241554
370.7143797461973,254.55536555934958,65.77365237446134,133.64123540804007
370.76243597532203,251.22427009421042,65.67753991621196,134.11424597962724
372.9750476077279,254.23149950320382,64.35215422791008,134.2994623146604
375.1404251033132,254.19152650781098,63.10090689538184,134.37940830544608
377.02514201348686,259.0693494192113,62.39033589496158,133.80035094242658
376.99484347278513,258.14167604452666,62.45093297636504,132.61767677466446
376.8830015895222,262.1568595246015,62.67461674289092,130.6310193726442
376.62739717400376,264.7420678572757,63.185825573927815,128.45738941262562
376.6313887157451,265.67445418333807,63.177842490445094,126.5926167605009
374.5331722929789,269.2024954475146,64.42777408407301,125.4295367359567
376.41791530829573,268.35757915521356,63.60933195440698,124.16832541959113
376.22176195662036,271.6387922095684,64.0016386577578,123.44275805671691
376.5367980950899,267.71496151922736,63.37156638081868,122.54680358310229
378.4936480523321,270.9879539882063,62.34840094338811,121.78188759925196
377.0795072186236,270.09049266805556,62.31500579415848,120.71513342290663
375.9373937192421,270.284249674078,61.753785824406414,120.32761941086173
376.3242636398708,271.6738759831648,60.980045983149,120.37845563384329
377.8869713827625,271.5999433573123,60.672114123781434,120.52632088554822
376.5283482382581,271.45519631794826,60.57503070724714,120.81581496427637
376.77761417478473,271.4138704648512,60.07649883419393,120.8984666704705
373.87540627453177,272.65248076951235,60.261968429219124,121.23071916388847
374.235372195331,269.3243441726422,59.542036587620544,122.25189877999178
376.0460033515181,270.5923323225045,58.740767166434985,122.53591537145573
377.578599643186,267.90492131218963,58.485783353516396,122.29031985125116
377.61347461684056,270.61315056548455,58.416033406207205,122.47823549619099
377.73759633404364,270.81939607564215,58.16778997180107,122.06574447587577
377.8026416408829,270.8501714779055,58.037699358122566,122.00419367134904
377.5845936625797,270.79645406269805,58.473795314728925,122.11162850176399
377.5457960866715,271.2026592063646,58.55139046654543,121.29921821443094
377.7249995358232,271.3258854842403,58.19298356824197,121.05276565867948
376.4591099327586,268.25028628973337,57.94572819629585,121.64589489154277
377.5663677626138,268.37103232747427,58.51459516684084,121.40440281606098
376.0292132903426,270.2452578010352,58.79914293836582,120.44571304195648
376.0763081317852,273.7617720401039,58.70495325548062,118.97409411577834
377.217289154143,273.33622341408886,59.180549839356104,117.06763273921746
376.89994291354253,273.4146322155107,59.81524232055693,116.91081513637371
376.78912252464806,273.5012922819025,60.03688309834591,116.73749500359011
375.00484844956884,274.38773477080656,60.85761676321112,117.71242451107528
368.5076886197919,276.9035077620312,65.52314392552543,115.45714269437246
366.55273872009417,277.2249031668487,69.43304372492095,111.9915194096723
364.8092836571304,279.2842662843406,72.91995385084854,107.87279317468845
363.03335246076824,278.8948980712644,73.63801968952208,108.6515296008409
362.89707336855884,276.86428711086717,73.9105778739409,109.85531934027628
365.7417713003455,276.01421880989517,71.10125970189794,111.55545594222036
368.81566794146374,271.37924481477626,67.81225860041289,115.1078195709552
371.5968174954779,271.3319237091205,65.10641702100824,118.0589193108905
372.8410629988142,269.37546037617994,62.617926014335666,119.1176462052915
374.0000789637942,268.885845229899,60.2998940843757,120.09687649785332
373.08497809720836,271.3084938963466,59.328491578389574,120.85478764327394
373.3630311090514,268.4961384192915,58.77238555470356,120.88775931281164
373.73630475553506,272.3576546468394,58.02583826173624,121.52482104480498
374.08997623987585,263.69197637325135,57.318495293054646,122.1581043593127
374.1842206694776,266.7727698251644,57.130006433851094,121.55633593014913
373.8268962913766,269.4444250363242,57.844655190053125,121.74873262478611
375.5399567730635,269.7013691020193,57.201655285731874,121.23484449339598
375.5969180471032,267.50977475670805,57.08773273765257,120.08919360572115
374.288341660382,266.52979904351525,56.95915097433668,119.30341049534849
370.0178938622041,268.3098726655514,57.30393973990337,118.4752988615392
370.45973411688794,272.39720704378783,56.42025923053572,118.47848009269896
370.816806098075,270.764025683065,55.70611526816158,119.03422443470852
368.9287365156698,272.1760240650129,56.775994099696334,118.9164880040885
366.2334045783033,269.11004652836215,59.443455473485045,119.60203807550144
363.2059682474739,273.8224144428514,62.71878830804114,118.51592172783126
363.29059230659993,268.96569995210535,65.36961165160369,116.9490648620647
368.14431820972413,275.2636122938798,67.03132067943164,112.880110804073
369.6607720706952,275.6514176369475,66.80856943458247,112.10450011793766
372.86311568679787,268.07225443758654,65.99360875773668,113.2885101282606
374.69070261838533,272.54937379985483,65.13710761029081,112.73028955091131
369.04743428419937,276.0986181249612,65.32012580760052,113.95943975399518
370.9026142914396,269.62932253400857,64.40696893966322,115.70921834972799
371.2212729071554,271.91519368953493,63.76965170823159,116.75260318759535
372.57533660062813,274.96384321499454,63.87361685172128,116.27948919754647
374.16672796019077,273.393158796351,63.49772130533746,116.61397086209217
370.3532439764943,274.66072256484995,62.70848995652256,116.88424309716342
370.7876159062586,272.80751871626455,61.83974609699398,117.79477432753806
372.70513660250083,271.3355855730216,60.799073843645274,117.94427147488831
372.1033272880519,273.1215198102328,62.002692472543096,117.15106227876093
371.76027539864316,267.4560709054936,62.688796251360614,117.33115590534939
373.1276613130319,271.0772700885473,62.75614474619217,118.49511851006935
371.92773765969275,267.90182928469534,62.335585465452105,119.20518694293665
373.4380393500639,268.55400856952735,62.138605192665906,120.72445148122857
373.450730431479,269.5660111643835,62.11322302983571,121.54299093553972
372.0565917422022,266.7650456584245,62.04738396354983,121.4366890577787
373.6985513195556,270.9858811781652,61.61488641245345,121.5492828291284
373.88107564687687,270.96821005956934,61.24983775781081,121.58462506632006
374.19598378483147,270.95740197304383,60.62002148190159,121.60624123937117
376.0110046560709,268.458640536204,59.819221354394365,120.94528088310766
376.36461104568644,267.2120656815911,59.11200857516321,120.63272944089985
377.68401011702343,267.0693557497484,59.262078371466245,120.91814930458526
377.7278418894483,268.18624586881793,59.174414826616456,121.48001267866937
375.12978728949895,270.7764852313055,61.56819178717894,121.90419843236678
371.29826928292516,267.5171900617997,63.53122267294895,122.72278364400086
370.451861878406,268.82717202955945,65.2240374819873,122.99868722003039
373.9385417297092,267.34803918676175,64.10871829281125,123.0279326489107
375.8443708869943,265.5705689470509,63.20734808113776,123.6725850254357
376.0963937973941,267.26380558639926,62.703302260338134,123.19033646553137
375.7650263021109,268.95818073880844,63.36603725090448,122.69004193935517
375.8808441821117,267.5646889171048,63.13440149090296,122.5844834087735
375.87115230703233,268.8335346900976,63.15378524106168,122.93379417563068
374.462736057564,265.06606574490644,63.07815510505988,124.68380679613611
373.1734164049573,260.95291700948377,62.73997412108909,127.07646368861307
375.12124145916107,258.5634967601034,61.79032085792578,128.90930734212964
375.50867176280104,256.9057062866142,61.01546025064575,132.22488828910807
375.51823045876586,257.2949805406537,60.99634285871619,134.43739373914553
375.5482379964785,253.1132703345233,60.93632778329085,136.7550508474712
375.13094935392445,254.15014731485923,61.77090506839893,137.73677058528585
371.2760265102278,251.9452340110814,63.3119744836542,139.06220905677247
370.8148482084328,253.17891491954057,64.23433108724417,139.72552998401494
372.13043548094277,252.84246887193936,64.75964094739864,140.39842207921737
371.84158048305557,250.7244977661893,65.33735094317312,141.45889861642112
371.4409349038552,251.724151857645,66.13864210157381,142.66059104923505
371.10925751379216,249.53178483402434,66.80199688169988,143.81282469244022
370.57784890818795,250.78881423132484,67.86481409290833,144.55963287394303
370.40648790434636,248.71465897632106,68.20753610059144,145.41763642652737
368.4190914108741,250.70737352724183,68.87354195671986,144.74099445550203
368.20681032404593,252.66278407881865,69.29810413037617,144.14071532596512
367.6665130859484,251.5300014144372,70.37869860657126,143.0971033801172
365.2563274216437,253.13976231483934,71.88636655213368,143.19028496235987
364.5373999873601,251.8601168960319,73.3242214207009,142.4093999866728
364.05300092715345,252.2668838500859,74.29301954111423,141.59586607856485
363.89694278819627,255.9353661025257,74.60513581902849,140.97543923297695
370.8987835153413,255.7561142346667,70.6649710468566,141.3339429686949
373.7436163490345,254.13079985394393,68.2671718799364,141.2927052296743
376.2582389748003,254.37160084043666,66.48760304181145,140.81110325668885
375.10139726350417,254.94578486921418,65.58962387251691,139.6627351991338
377.1936661393298,255.1907196019412,64.5843490352525,139.17286573367977
377.4624826208748,253.5901119404534,64.04671607216254,139.21951249074647
379.36223739643265,255.62229621437396,63.393047669914054,138.30098509177247
373.31111192927654,250.61357641741708,63.01114231845091,138.95530747135473
375.3190332837079,254.2234649914668,62.119153691925284,141.10709257026645
375.34182898750396,251.57185514742417,62.07356228433305,140.1315159305558
373.8745838865837,251.98555497287464,61.883600467793364,139.3041162796549
373.94587225411505,251.97566894728126,61.741023732730675,139.3238883308416
375.64865187770187,251.6480430777342,61.44235289183334,139.97914006993574
375.8343622106088,251.50869055619717,61.07093222601952,140.25784511300978
375.88911083974637,251.50180546719147,60.96143496774434,140.2716152910212
376.03677038752005,252.73995384582878,60.66611587219701,140.90220257760075
377.58310534719067,248.7560942551965,60.68424345429793,142.64832675598086
377.4372159410831,249.0581389744424,60.97602226651313,142.0442373174891
377.17631408106195,248.14215101972556,61.49782598655538,140.74341508673598
376.24333574108994,242.32207598306755,60.24060402339721,143.01402923074505
378.12809365218794,247.94637143624772,59.6048905177648,147.43444990720312
378.2085439967207,235.89511915899038,59.44398982869929,152.41931056304205
378.47469965646155,237.2355408158605,58.911678509217595,152.9935878541741
378.22787707682426,249.99110157550012,59.40532366849223,150.25925175496255
376.5591631717389,248.4965743502234,59.51937811968813,146.80155948756627
377.9685804136818,251.297112868592,59.87617565558074,144.37611447060755
379.8173943816017,258.37087113348366,59.32555208226951,142.81661539093824
378.1117713294184,262.5878482052729,59.622079341467625,140.6120989376966
377.8645235648508,267.4825166360972,60.11657487060276,136.9990332474404
375.2028172495502,275.89346221431634,62.39540648162507,132.35546616931768
372.8952817007559,287.9343421746488,63.993412020901246,132.41023071515218
369.63749370858136,293.0673195699859,64.41759929535138,131.28135898932652
368.22861117837704,300.53281349286357,64.19879464981791,131.53321967328145
368.61222453922977,310.73882292266006,63.431567928112464,135.41282691691796
370.16927911604597,319.5893166102722,63.39714600218971,136.18996290795155
371.45873611157924,321.52867718231937,63.9086328498293,135.40164260256324
372.5880673440733,322.29254791751885,64.73782058288596,133.87390113216432
370.7995743412925,315.69595298908143,65.23480134685735,134.74707002267832
363.9170259501515,312.81378021109873,63.49293218003966,137.4100223888239
356.67035888528386,306.60166446746086,62.437116019119436,137.39493364357514
342.73132894949657,300.89914029278435,65.5862356073851,133.3443943158602
331.70942082159684,303.0652870377107,66.02105217149285,129.01210082600755
321.82461004528267,303.55646839171123,64.57314702364064,128.02973811800646
